EC,PRESS,TEMP,DEPTH,ALT
2.77,961.70,23.19,-0.52,438.05,
2.82,961.40,23.19,-0.53,440.66,
2.82,961.70,23.19,-0.52,438.05,
2.80,961.70,23.18,-0.52,438.05,
2.80,962.00,23.18,-0.52,435.45,
2.77,961.90,23.18,-0.52,436.32,
2.75,961.60,23.17,-0.53,438.92,
2.73,961.70,23.17,-0.52,438.05,
2.73,961.70,23.16,-0.52,438.05,
2.69,961.50,23.15,-0.53,439.79,
2.77,961.60,23.14,-0.53,438.92,
2.80,961.10,23.14,-0.53,443.26,
2.69,961.50,23.13,-0.53,439.79,
2.62,961.70,23.13,-0.52,438.05,
2.67,961.40,23.11,-0.53,440.66,
2.69,961.90,23.10,-0.52,436.32,
2.67,961.40,23.09,-0.53,440.66,
2.65,961.80,23.08,-0.52,437.19,
2.62,961.90,23.08,-0.52,436.32,
2.62,961.60,23.08,-0.53,438.92,
2.64,961.70,23.07,-0.52,438.05,
2.58,961.70,23.06,-0.52,438.05,
2.58,962.30,23.05,-0.52,432.85,
2.60,961.90,23.04,-0.52,436.32,
2.60,963.10,23.02,-0.51,425.91,
2.56,964.40,22.99,-0.50,414.64,
2.52,963.90,23.00,-0.50,418.98,
2.54,963.30,23.00,-0.51,424.18,
2.56,962.50,23.00,-0.52,431.11,
2.50,962.20,23.00,-0.52,433.71,
2.52,962.60,22.99,-0.52,430.24,
2.54,962.20,22.99,-0.52,433.71,
2.56,962.30,22.98,-0.52,432.85,
2.52,963.10,22.97,-0.51,425.91,
2.43,962.00,22.98,-0.52,435.45,
2.58,961.20,23.00,-0.53,442.40,
2.58,962.00,22.97,-0.52,435.45,
2.60,962.20,22.97,-0.52,433.71,
2.58,962.60,22.96,-0.52,430.24,
2.54,962.30,22.96,-0.52,432.85,
2.45,962.80,22.95,-0.51,428.51,
2.45,962.80,22.95,-0.51,428.51,
2.43,961.80,22.96,-0.52,437.19,
2.45,962.60,22.95,-0.52,430.24,
2.43,962.00,22.95,-0.52,435.45,
2.41,962.70,22.94,-0.51,429.38,
2.41,963.40,22.92,-0.51,423.31,
2.43,961.00,22.96,-0.53,444.13,
2.41,961.20,22.95,-0.53,442.40,
2.50,961.40,22.94,-0.53,440.66,
2.47,961.30,22.95,-0.53,441.53,
2.47,960.30,22.96,-0.54,450.22,
2.50,955.10,23.04,-0.59,495.50,
2.43,958.10,22.99,-0.56,469.35,
2.45,958.10,23.01,-0.56,469.35,
2.50,968.80,22.84,-0.45,376.61,
2.41,962.90,22.94,-0.51,427.64,
2.45,962.90,22.95,-0.51,427.64,
3.03,962.60,22.97,-0.52,430.24,
2.84,962.80,22.97,-0.51,428.51,
2.80,962.80,22.98,-0.51,428.51,
2.73,962.00,23.00,-0.52,435.45,
2.77,962.00,23.00,-0.52,435.45,
2.82,962.20,23.01,-0.52,433.71,
2.82,966.10,22.95,-0.48,399.93,
2.88,963.60,23.02,-0.51,421.58,
2.90,963.00,23.05,-0.51,426.78,
2.99,962.10,23.07,-0.52,434.58,
2.90,962.30,23.08,-0.52,432.85,
3.12,962.50,23.09,-0.52,431.11,
2.97,961.10,23.12,-0.53,443.26,
2.79,961.40,23.12,-0.53,440.66,
2.65,961.40,23.13,-0.53,440.66,
2.82,961.80,23.14,-0.52,437.19,
2.77,961.40,23.15,-0.53,440.66,
2.69,961.20,23.16,-0.53,442.40,
2.52,961.40,23.17,-0.53,440.66,
2.52,961.50,23.18,-0.53,439.79,
2.49,961.00,23.18,-0.53,444.13,
2.75,961.70,23.19,-0.52,438.05,
2.94,961.40,23.20,-0.53,440.66,
2.79,961.50,23.21,-0.53,439.79,
2.30,961.60,23.22,-0.53,438.92,
2.79,961.70,23.23,-0.52,438.05,
2.88,961.00,23.24,-0.53,444.13,
3.01,961.60,23.25,-0.53,438.92,
2.97,961.40,23.26,-0.53,440.66,
2.94,961.20,23.27,-0.53,442.40,
2.97,961.10,23.28,-0.53,443.26,
3.01,961.20,23.29,-0.53,442.40,
3.03,961.40,23.29,-0.53,440.66,
3.03,961.40,23.30,-0.53,440.66,
2.39,961.50,23.31,-0.53,439.79,
1.51,961.70,23.32,-0.52,438.05,
1.47,961.50,23.32,-0.53,439.79,
1.38,961.50,23.33,-0.53,439.79,
1.45,961.70,23.34,-0.52,438.05,
1.32,961.70,23.34,-0.52,438.05,
1.40,961.50,23.35,-0.53,439.79,
1.49,961.40,23.35,-0.53,440.66,
1.21,961.70,23.36,-0.52,438.05,
1.19,961.40,23.37,-0.53,440.66,
1.21,961.40,23.37,-0.53,440.66,
1.19,961.20,23.38,-0.53,442.40,
1.15,961.90,23.39,-0.52,436.32,
1.17,961.50,23.40,-0.53,439.79,
1.28,961.50,23.41,-0.53,439.79,
1.51,961.70,23.41,-0.52,438.05,
1.60,961.30,23.42,-0.53,441.53,
1.66,961.40,23.43,-0.53,440.66,
1.66,961.10,23.43,-0.53,443.26,
1.70,961.70,23.43,-0.52,438.05,
1.70,961.20,23.44,-0.53,442.40,
1.68,961.40,23.46,-0.53,440.66,
1.72,961.50,23.47,-0.53,439.79,
1.70,961.60,23.48,-0.53,438.92,
1.77,961.70,23.49,-0.52,438.05,
1.77,961.60,23.50,-0.53,438.92,
1.83,961.70,23.50,-0.52,438.05,
1.87,961.40,23.51,-0.53,440.66,
1.66,961.50,23.52,-0.53,439.79,
1.81,961.80,23.52,-0.52,437.19,
1.87,961.60,23.52,-0.53,438.92,
1.79,961.40,23.52,-0.53,440.66,
1.77,961.50,23.53,-0.53,439.79,
1.83,961.10,23.53,-0.53,443.26,
1.81,962.00,23.54,-0.52,435.45,
1.79,961.50,23.55,-0.53,439.79,
1.81,961.70,23.56,-0.52,438.05,
1.83,961.50,23.58,-0.53,439.79,
1.85,961.70,23.58,-0.52,438.05,
1.77,961.20,23.59,-0.53,442.40,
1.77,961.10,23.59,-0.53,443.26,
1.79,961.20,23.60,-0.53,442.40,
1.77,961.60,23.60,-0.53,438.92,
1.77,961.70,23.60,-0.52,438.05,
1.77,960.80,23.62,-0.53,445.87,
1.79,961.20,23.62,-0.53,442.40,
1.72,961.40,23.61,-0.53,440.66,
1.79,961.40,23.60,-0.53,440.66,
1.77,961.50,23.61,-0.53,439.79,
1.70,961.40,23.61,-0.53,440.66,
1.72,961.10,23.60,-0.53,443.26,
1.66,961.40,23.60,-0.53,440.66,
1.68,961.30,23.61,-0.53,441.53,
1.32,961.60,23.62,-0.53,438.92,
1.34,961.70,23.65,-0.52,438.05,
1.42,961.50,23.66,-0.53,439.79,
1.38,961.70,23.67,-0.52,438.05,
1.45,961.80,23.68,-0.52,437.19,
1.49,961.40,23.69,-0.53,440.66,
1.45,961.60,23.69,-0.53,438.92,
1.47,961.90,23.69,-0.52,436.32,
1.40,961.40,23.69,-0.53,440.66,
1.40,961.60,23.69,-0.53,438.92,
1.38,961.50,23.69,-0.53,439.79,
1.49,961.10,23.69,-0.53,443.26,
1.45,960.40,23.69,-0.54,449.35,
1.53,961.00,23.68,-0.53,444.13,
1.40,960.40,23.68,-0.54,449.35,
1.40,960.90,23.67,-0.53,445.00,
1.40,961.30,23.65,-0.53,441.53,
1.47,960.90,23.66,-0.53,445.00,
1.42,961.10,23.65,-0.53,443.26,
1.47,960.90,23.65,-0.53,445.00,
1.45,961.30,23.64,-0.53,441.53,
1.42,961.90,23.62,-0.52,436.32,
1.23,961.00,23.62,-0.53,444.13,
1.32,961.50,23.62,-0.53,439.79,
1.38,961.00,23.61,-0.53,444.13,
1.13,961.40,23.60,-0.53,440.66,
1.23,960.50,23.61,-0.54,448.47,
1.04,960.90,23.60,-0.53,445.00,
0.96,961.40,23.60,-0.53,440.66,
0.90,960.70,23.61,-0.53,446.74,
0.96,960.90,23.61,-0.53,445.00,
0.96,961.20,23.61,-0.53,442.40,
0.89,960.90,23.61,-0.53,445.00,
1.15,961.60,23.61,-0.53,438.92,
1.02,961.10,23.63,-0.53,443.26,
1.04,960.70,23.64,-0.53,446.74,
0.98,961.00,23.65,-0.53,444.13,
1.00,960.50,23.66,-0.54,448.47,
1.08,961.00,23.65,-0.53,444.13,
1.06,961.20,23.66,-0.53,442.40,
0.98,961.10,23.66,-0.53,443.26,
1.15,961.10,23.65,-0.53,443.26,
1.31,961.20,23.65,-0.53,442.40,
1.36,960.70,23.64,-0.53,446.74,
1.42,961.20,23.64,-0.53,442.40,
1.40,960.90,23.63,-0.53,445.00,
1.23,961.10,23.62,-0.53,443.26,
1.19,961.00,23.61,-0.53,444.13,
1.17,961.30,23.60,-0.53,441.53,
1.02,961.30,23.59,-0.53,441.53,
0.89,961.40,23.59,-0.53,440.66,
0.89,961.00,23.58,-0.53,444.13,
0.87,960.90,23.57,-0.53,445.00,
0.81,960.90,23.56,-0.53,445.00,
0.79,961.30,23.56,-0.53,441.53,
0.79,961.10,23.56,-0.53,443.26,
0.80,961.00,23.55,-0.53,444.13,
0.79,961.30,23.56,-0.53,441.53,
0.74,961.00,23.55,-0.53,444.13,
0.72,961.10,23.55,-0.53,443.26,
0.68,961.10,23.55,-0.53,443.26,
0.68,961.10,23.55,-0.53,443.26,
0.72,961.10,23.54,-0.53,443.26,
0.68,960.80,23.55,-0.53,445.87,
0.66,961.40,23.54,-0.53,440.66,
0.66,960.90,23.54,-0.53,445.00,
0.68,961.50,23.53,-0.53,439.79,
0.68,961.00,23.53,-0.53,444.13,
0.68,961.20,23.53,-0.53,442.40,
0.60,961.20,23.52,-0.53,442.40,
0.66,961.00,23.52,-0.53,444.13,
0.64,961.30,23.51,-0.53,441.53,
0.66,961.30,23.51,-0.53,441.53,
0.66,961.10,23.50,-0.53,443.26,
0.64,961.30,23.50,-0.53,441.53,
0.59,961.20,23.49,-0.53,442.40,
0.62,961.40,23.49,-0.53,440.66,
0.57,961.20,23.48,-0.53,442.40,
0.59,960.90,23.48,-0.53,445.00,
0.57,961.20,23.47,-0.53,442.40,
0.59,961.20,23.47,-0.53,442.40,
0.59,961.30,23.47,-0.53,441.53,
0.50,961.30,23.47,-0.53,441.53,
0.55,960.60,23.46,-0.54,447.61,
0.53,961.20,23.46,-0.53,442.40,
0.53,961.50,23.46,-0.53,439.79,
0.53,961.30,23.45,-0.53,441.53,
0.49,961.30,23.45,-0.53,441.53,
0.47,961.20,23.45,-0.53,442.40,
0.47,961.20,23.44,-0.53,442.40,
0.49,960.70,23.45,-0.53,446.74,
0.45,960.80,23.45,-0.53,445.87,
0.45,961.50,23.45,-0.53,439.79,
0.45,961.60,23.44,-0.53,438.92,
0.47,961.30,23.44,-0.53,441.53,
0.47,961.10,23.44,-0.53,443.26,
0.40,960.90,23.44,-0.53,445.00,
0.45,961.50,23.43,-0.53,439.79,
0.45,961.60,23.43,-0.53,438.92,
0.47,960.70,23.43,-0.53,446.74,
0.47,960.90,23.42,-0.53,445.00,
0.51,961.40,23.43,-0.53,440.66,
0.40,961.30,23.42,-0.53,441.53,
0.42,961.00,23.42,-0.53,444.13,
0.45,961.50,23.42,-0.53,439.79,
0.40,961.50,23.42,-0.53,439.79,
0.42,961.10,23.42,-0.53,443.26,
0.42,961.00,23.43,-0.53,444.13,
0.36,961.10,23.43,-0.53,443.26,
0.40,960.90,23.43,-0.53,445.00,
0.36,961.40,23.42,-0.53,440.66,
0.36,961.00,23.41,-0.53,444.13,
0.32,961.10,23.41,-0.53,443.26,
0.36,961.50,23.40,-0.53,439.79,
0.34,961.00,23.40,-0.53,444.13,
0.36,961.20,23.40,-0.53,442.40,
0.32,961.00,23.40,-0.53,444.13,
0.36,961.00,23.39,-0.53,444.13,
0.38,961.30,23.39,-0.53,441.53,
0.34,961.40,23.39,-0.53,440.66,
0.34,961.10,23.38,-0.53,443.26,
0.30,960.90,23.37,-0.53,445.00,
0.20,960.90,23.37,-0.53,445.00,
0.28,960.90,23.37,-0.53,445.00,
0.25,961.30,23.37,-0.53,441.53,
0.25,961.20,23.36,-0.53,442.40,
0.28,961.30,23.36,-0.53,441.53,
0.25,960.80,23.35,-0.53,445.87,
0.21,960.80,23.34,-0.53,445.87,
0.28,961.30,23.33,-0.53,441.53,
0.25,961.00,23.32,-0.53,444.13,
0.21,961.40,23.32,-0.53,440.66,
0.21,960.90,23.31,-0.53,445.00,
0.23,961.00,23.30,-0.53,444.13,
0.23,961.00,23.29,-0.53,444.13,
0.19,961.40,23.28,-0.53,440.66,
0.10,961.30,23.28,-0.53,441.53,
0.23,961.30,23.27,-0.53,441.53,
0.21,961.30,23.26,-0.53,441.53,
0.21,961.30,23.26,-0.53,441.53,
0.23,961.20,23.25,-0.53,442.40,
0.19,961.60,23.24,-0.53,438.92,
0.19,961.60,23.24,-0.53,438.92,
0.21,961.40,23.24,-0.53,440.66,
0.21,961.20,23.23,-0.53,442.40,
0.17,961.30,23.23,-0.53,441.53,
0.15,961.00,23.22,-0.53,444.13,
0.15,960.70,23.21,-0.53,446.74,
0.19,961.10,23.21,-0.53,443.26,
0.10,961.60,23.20,-0.53,438.92,
0.15,961.20,23.20,-0.53,442.40,
0.13,961.00,23.19,-0.53,444.13,
0.13,961.00,23.18,-0.53,444.13,
0.13,961.40,23.17,-0.53,440.66,
0.11,960.80,23.17,-0.53,445.87,
0.13,961.30,23.16,-0.53,441.53,
0.06,961.40,23.15,-0.53,440.66,
0.06,961.70,23.15,-0.52,438.05,
0.04,961.50,23.14,-0.53,439.79,
0.06,961.20,23.14,-0.53,442.40,
0.08,961.10,23.14,-0.53,443.26,
0.11,961.50,23.14,-0.53,439.79,
0.00,961.20,23.13,-0.53,442.40,
0.06,961.30,23.13,-0.53,441.53,
0.11,961.40,23.13,-0.53,440.66,
0.11,960.80,23.13,-0.53,445.87,
0.11,961.20,23.13,-0.53,442.40,
0.06,961.20,23.13,-0.53,442.40,
0.11,960.80,23.12,-0.53,445.87,
0.11,961.40,23.13,-0.53,440.66,
0.08,961.50,23.13,-0.53,439.79,
0.11,961.20,23.12,-0.53,442.40,
0.08,961.20,23.12,-0.53,442.40,
0.08,961.30,23.12,-0.53,441.53,
0.11,961.50,23.12,-0.53,439.79,
0.00,960.90,23.12,-0.53,445.00,
0.06,961.20,23.12,-0.53,442.40,
0.11,961.30,23.12,-0.53,441.53,
0.11,960.70,23.12,-0.53,446.74,
0.06,961.40,23.12,-0.53,440.66,
0.08,961.40,23.12,-0.53,440.66,
0.08,961.10,23.11,-0.53,443.26,
0.08,961.40,23.11,-0.53,440.66,
0.11,961.40,23.11,-0.53,440.66,
0.08,961.80,23.11,-0.52,437.19,
0.08,960.80,23.10,-0.53,445.87,
0.08,961.50,23.10,-0.53,439.79,
0.06,961.40,23.10,-0.53,440.66,
0.06,961.40,23.10,-0.53,440.66,
0.00,961.30,23.10,-0.53,441.53,
0.08,961.00,23.10,-0.53,444.13,
0.08,961.20,23.10,-0.53,442.40,
0.11,961.30,23.10,-0.53,441.53,
0.08,961.20,23.10,-0.53,442.40,
0.11,961.00,23.10,-0.53,444.13,
0.11,961.30,23.09,-0.53,441.53,
0.11,961.10,23.08,-0.53,443.26,
0.11,961.30,23.08,-0.53,441.53,
0.04,961.20,23.08,-0.53,442.40,
0.11,961.70,23.07,-0.52,438.05,
0.06,961.20,23.07,-0.53,442.40,
0.08,961.10,23.07,-0.53,443.26,
0.10,961.60,23.03,-0.53,438.92,
0.06,960.70,23.05,-0.53,446.74,
0.06,961.20,23.05,-0.53,442.40,
0.06,961.30,23.05,-0.53,441.53,
0.08,961.20,23.04,-0.53,442.40,
0.11,961.40,23.04,-0.53,440.66,
0.11,961.10,23.04,-0.53,443.26,
0.06,961.30,23.04,-0.53,441.53,
0.11,960.80,23.04,-0.53,445.87,
0.08,961.50,23.04,-0.53,439.79,
0.08,961.20,23.04,-0.53,442.40,
0.08,961.40,23.04,-0.53,440.66,
0.08,961.10,23.05,-0.53,443.26,
0.00,961.40,23.05,-0.53,440.66,
0.06,961.40,23.05,-0.53,440.66,
0.08,961.40,23.05,-0.53,440.66,
0.08,961.30,23.05,-0.53,441.53,
0.04,961.40,23.06,-0.53,440.66,
0.08,961.50,23.06,-0.53,439.79,
0.08,961.60,23.06,-0.53,438.92,
0.08,961.20,23.07,-0.53,442.40,
0.06,961.50,23.08,-0.53,439.79,
0.06,961.20,23.08,-0.53,442.40,
0.11,961.00,23.08,-0.53,444.13,
0.11,961.70,23.08,-0.52,438.05,
0.04,961.30,23.08,-0.53,441.53,
0.00,961.40,23.07,-0.53,440.66,
0.08,961.40,23.07,-0.53,440.66,
0.08,961.30,23.07,-0.53,441.53,
0.06,961.20,23.06,-0.53,442.40,
0.06,961.30,23.05,-0.53,441.53,
0.08,961.20,23.05,-0.53,442.40,
0.11,961.40,23.05,-0.53,440.66,
0.06,961.20,23.04,-0.53,442.40,
0.06,961.10,23.03,-0.53,443.26,
0.08,961.00,23.03,-0.53,444.13,
0.11,961.20,23.02,-0.53,442.40,
0.06,961.30,23.02,-0.53,441.53,
0.08,961.40,23.02,-0.53,440.66,
0.10,961.10,23.02,-0.53,443.26,
0.06,961.00,23.03,-0.53,444.13,
0.11,961.10,23.03,-0.53,443.26,
0.13,961.30,23.02,-0.53,441.53,
0.13,961.20,23.02,-0.53,442.40,
0.08,961.40,23.03,-0.53,440.66,
0.06,961.20,23.03,-0.53,442.40,
0.06,961.30,23.03,-0.53,441.53,
0.06,961.70,23.03,-0.52,438.05,
0.08,961.40,23.04,-0.53,440.66,
0.11,961.20,23.04,-0.53,442.40,
0.11,961.10,23.04,-0.53,443.26,
0.08,961.30,23.04,-0.53,441.53,
0.00,961.50,23.05,-0.53,439.79,
0.11,961.10,23.05,-0.53,443.26,
0.06,961.30,23.06,-0.53,441.53,
0.11,960.70,23.06,-0.53,446.74,
0.13,961.10,23.07,-0.53,443.26,
0.08,961.00,23.07,-0.53,444.13,
0.04,961.50,23.08,-0.53,439.79,
0.08,961.10,23.08,-0.53,443.26,
0.13,961.40,23.09,-0.53,440.66,
0.08,961.00,23.09,-0.53,444.13,
0.11,961.10,23.09,-0.53,443.26,
0.08,961.30,23.10,-0.53,441.53,
0.06,961.30,23.11,-0.53,441.53,
0.08,961.20,23.11,-0.53,442.40,
0.10,961.40,23.11,-0.53,440.66,
0.08,961.20,23.11,-0.53,442.40,
0.11,961.30,23.11,-0.53,441.53,
0.06,961.10,23.10,-0.53,443.26,
0.08,960.90,23.10,-0.53,445.00,
0.08,961.20,23.10,-0.53,442.40,
0.08,961.30,23.10,-0.53,441.53,
0.08,961.10,23.10,-0.53,443.26,
0.08,961.20,23.10,-0.53,442.40,
0.08,961.40,23.10,-0.53,440.66,
0.11,961.40,23.10,-0.53,440.66,
0.11,961.40,23.10,-0.53,440.66,
0.11,961.10,23.10,-0.53,443.26,
0.00,961.10,23.09,-0.53,443.26,
0.08,961.10,23.10,-0.53,443.26,
0.08,961.50,23.10,-0.53,439.79,
0.11,961.20,23.09,-0.53,442.40,
0.06,961.00,23.10,-0.53,444.13,
0.08,961.50,23.10,-0.53,439.79,
0.11,961.10,23.10,-0.53,443.26,
0.13,961.50,23.09,-0.53,439.79,
0.15,961.60,23.10,-0.53,438.92,
0.08,961.00,23.10,-0.53,444.13,
0.08,961.60,23.10,-0.53,438.92,
0.08,961.40,23.10,-0.53,440.66,
0.11,961.10,23.10,-0.53,443.26,
0.00,961.20,23.10,-0.53,442.40,
0.11,961.10,23.09,-0.53,443.26,
0.06,961.40,23.09,-0.53,440.66,
0.11,961.30,23.09,-0.53,441.53,
0.06,961.40,23.09,-0.53,440.66,
0.15,961.30,23.08,-0.53,441.53,
0.08,961.20,23.08,-0.53,442.40,
0.06,961.10,23.08,-0.53,443.26,
0.11,961.30,23.08,-0.53,441.53,
0.08,960.90,23.08,-0.53,445.00,
0.13,961.20,23.07,-0.53,442.40,
0.11,961.00,23.07,-0.53,444.13,
0.11,960.80,23.07,-0.53,445.87,
0.10,960.80,23.07,-0.53,445.87,
0.08,961.10,23.06,-0.53,443.26,
0.11,961.20,23.06,-0.53,442.40,
0.11,961.10,23.06,-0.53,443.26,
0.08,961.00,23.06,-0.53,444.13,
0.11,961.10,23.06,-0.53,443.26,
0.04,961.50,23.06,-0.53,439.79,
0.15,960.70,23.06,-0.53,446.74,
0.13,961.10,23.06,-0.53,443.26,
0.13,961.40,23.06,-0.53,440.66,
0.13,960.90,23.07,-0.53,445.00,
0.08,961.50,23.07,-0.53,439.79,
0.08,961.30,23.07,-0.53,441.53,
0.11,961.40,23.07,-0.53,440.66,
0.10,961.10,23.07,-0.53,443.26,
0.11,961.30,23.08,-0.53,441.53,
0.11,960.70,23.08,-0.53,446.74,
0.13,961.10,23.08,-0.53,443.26,
0.06,961.30,23.08,-0.53,441.53,
0.06,961.60,23.08,-0.53,438.92,
0.06,961.30,23.08,-0.53,441.53,
0.15,961.50,23.08,-0.53,439.79,
0.02,961.10,23.08,-0.53,443.26,
0.15,961.00,23.08,-0.53,444.13,
0.06,960.80,23.09,-0.53,445.87,
0.17,961.30,23.09,-0.53,441.53,
0.13,961.40,23.09,-0.53,440.66,
0.10,961.20,23.10,-0.53,442.40,
0.11,961.10,23.10,-0.53,443.26,
0.17,961.60,23.11,-0.53,438.92,
0.13,961.10,23.11,-0.53,443.26,
0.04,961.50,23.11,-0.53,439.79,
0.04,961.20,23.11,-0.53,442.40,
0.06,961.30,23.11,-0.53,441.53,
0.13,961.10,23.12,-0.53,443.26,
0.13,961.50,23.12,-0.53,439.79,
0.11,961.30,23.12,-0.53,441.53,
0.11,961.70,23.12,-0.52,438.05,
0.13,961.30,23.12,-0.53,441.53,
0.06,961.10,23.12,-0.53,443.26,
0.10,960.90,23.11,-0.53,445.00,
0.15,961.30,23.12,-0.53,441.53,
0.08,961.10,23.11,-0.53,443.26,
0.11,961.20,23.10,-0.53,442.40,
0.11,961.30,23.10,-0.53,441.53,
0.15,961.60,23.09,-0.53,438.92,
0.17,961.60,23.07,-0.53,438.92,
0.11,962.00,23.06,-0.52,435.45,
0.13,961.50,23.05,-0.53,439.79,
0.13,961.60,23.04,-0.53,438.92,
0.13,961.30,23.04,-0.53,441.53,
0.13,961.30,23.03,-0.53,441.53,
0.11,961.40,23.02,-0.53,440.66,
0.10,961.50,23.01,-0.53,439.79,
0.11,961.50,23.00,-0.53,439.79,
0.13,961.30,22.99,-0.53,441.53,
0.11,961.20,22.98,-0.53,442.40,
0.13,961.50,22.98,-0.53,439.79,
0.11,961.50,22.96,-0.53,439.79,
0.08,961.80,22.96,-0.52,437.19,
0.11,961.20,22.95,-0.53,442.40,
0.17,961.30,22.95,-0.53,441.53,
0.11,961.70,22.95,-0.52,438.05,
0.11,961.30,22.95,-0.53,441.53,
0.15,961.20,22.95,-0.53,442.40,
0.08,961.60,22.95,-0.53,438.92,
0.10,961.40,22.95,-0.53,440.66,
0.15,962.20,22.95,-0.52,433.71,
0.13,961.50,22.95,-0.53,439.79,
0.08,961.60,22.95,-0.53,438.92,
0.11,961.20,22.95,-0.53,442.40,
0.15,961.50,22.94,-0.53,439.79,
0.15,961.80,22.94,-0.52,437.19,
0.15,961.20,22.95,-0.53,442.40,
0.15,961.20,22.94,-0.53,442.40,
0.13,961.20,22.94,-0.53,442.40,
0.08,961.80,22.95,-0.52,437.19,
0.08,961.70,22.95,-0.52,438.05,
0.13,961.20,22.96,-0.53,442.40,
0.10,961.40,22.96,-0.53,440.66,
0.08,961.20,22.97,-0.53,442.40,
0.11,961.80,22.98,-0.52,437.19,
0.15,961.20,22.99,-0.53,442.40,
0.13,962.00,22.98,-0.52,435.45,
0.08,961.30,22.96,-0.53,441.53,
0.13,961.50,22.97,-0.53,439.79,
0.08,961.20,22.97,-0.53,442.40,
0.08,961.10,22.97,-0.53,443.26,
0.08,961.60,22.96,-0.53,438.92,
0.11,961.20,22.96,-0.53,442.40,
0.08,961.20,22.96,-0.53,442.40,
0.11,961.30,22.96,-0.53,441.53,
0.10,961.50,22.97,-0.53,439.79,
0.13,961.50,22.96,-0.53,439.79,
0.13,961.60,22.96,-0.53,438.92,
0.13,961.50,22.96,-0.53,439.79,
0.13,961.30,22.95,-0.53,441.53,
0.13,961.50,22.95,-0.53,439.79,
0.13,961.70,22.96,-0.52,438.05,
0.17,961.50,22.96,-0.53,439.79,
0.08,961.00,22.95,-0.53,444.13,
0.13,961.00,22.94,-0.53,444.13,
0.11,961.50,22.94,-0.53,439.79,
0.13,961.30,22.94,-0.53,441.53,
0.08,961.30,22.94,-0.53,441.53,
0.11,962.00,22.94,-0.52,435.45,
0.10,961.60,22.94,-0.53,438.92,
0.15,961.60,22.95,-0.53,438.92,
0.08,962.00,22.96,-0.52,435.45,
0.08,961.70,22.97,-0.52,438.05,
0.13,961.20,22.98,-0.53,442.40,
0.17,961.30,23.00,-0.53,441.53,
0.13,961.80,23.03,-0.52,437.19,
0.15,961.40,23.06,-0.53,440.66,
0.11,961.60,23.08,-0.53,438.92,
0.11,961.50,23.11,-0.53,439.79,
0.11,961.80,23.14,-0.52,437.19,
0.13,962.20,23.16,-0.52,433.71,
0.13,962.10,23.19,-0.52,434.58,
0.10,962.10,23.22,-0.52,434.58,
0.13,961.80,23.25,-0.52,437.19,
0.06,961.90,23.29,-0.52,436.32,
0.15,961.90,23.33,-0.52,436.32,
0.11,962.10,23.38,-0.52,434.58,
0.13,962.10,23.43,-0.52,434.58,
0.11,962.10,23.48,-0.52,434.58,
0.11,962.60,23.53,-0.52,430.24,
0.06,962.50,23.59,-0.52,431.11,
0.11,962.50,23.65,-0.52,431.11,
0.11,962.40,23.71,-0.52,431.98,
0.11,962.70,23.77,-0.51,429.38,
0.11,962.20,23.82,-0.52,433.71,
0.10,963.10,23.88,-0.51,425.91,
0.13,962.80,23.94,-0.51,428.51,
0.11,962.90,24.00,-0.51,427.64,
0.15,962.70,24.06,-0.51,429.38,
0.11,972.10,24.13,-0.42,348.17,
0.15,997.40,24.45,-0.16,132.73,
0.13,1023.20,25.07,0.10,-82.47,
0.13,1050.50,25.80,0.38,-305.44,
0.11,1077.20,26.52,0.66,-519.01,
0.15,1104.70,27.18,0.94,-734.56,
0.17,1132.30,27.78,1.22,-946.56,
0.11,1159.70,28.31,1.50,-1152.92,
0.11,1187.10,28.78,1.78,-1355.38,
0.10,1214.30,29.21,2.06,-1552.65,
0.17,1242.20,29.60,2.34,-1751.31,
0.11,1265.40,29.96,2.58,-1913.77,
0.15,1289.10,30.28,2.82,-2077.26,
391.46,1315.70,30.57,3.10,-2257.89,
56562.46,1343.70,30.85,3.38,-2444.85,
562.40,1372.00,31.10,3.67,-2630.64,
562.40,1398.80,31.33,3.95,-2803.74,
562.20,1426.80,31.55,4.23,-2981.75,
562.20,1455.10,31.74,4.52,-3158.81,
562.10,1482.80,31.92,4.81,-3329.44,
562.00,1493.40,32.09,4.91,-3394.06,
562.00,1464.50,32.24,4.62,-3217.01,
562.20,1478.60,32.38,4.76,-3303.74,
562.10,1508.60,32.51,5.07,-3486.06,
562.20,1536.30,32.64,5.35,-3651.82,
562.20,1563.40,32.75,5.63,-3811.66,
562.20,1590.90,32.86,5.91,-3971.58,
562.10,1619.40,32.97,6.20,-4134.98,
562.00,1647.50,33.08,6.49,-4293.82,
561.90,1674.60,33.16,6.77,-4444.94,
561.80,1703.40,33.25,7.06,-4603.38,
561.70,1729.40,33.32,7.33,-4744.57,
561.60,1757.40,33.39,7.61,-4894.71,
561.70,1784.70,33.46,7.89,-5039.24,
561.70,1812.60,33.52,8.18,-5185.11,
561.70,1839.50,33.57,8.45,-5324.05,
561.60,1868.00,33.62,8.74,-5469.46,
561.60,1895.40,33.67,9.03,-5607.58,
561.60,1922.30,33.71,9.30,-5741.60,
561.50,1949.20,33.75,9.58,-5874.13,
561.60,1976.80,33.78,9.86,-6008.57,
561.60,2003.70,33.82,10.13,-6138.14,
561.70,2030.50,33.85,10.41,-6265.84,
561.60,2039.00,33.87,10.49,-6306.06,
561.70,2014.40,33.90,10.24,-6189.29,
561.50,1985.30,33.92,9.94,-6049.66,
561.30,2005.40,33.94,10.15,-6146.28,
561.60,2029.40,33.96,10.40,-6260.62,
561.80,2057.10,33.98,10.68,-6391.24,
562.10,2084.40,34.00,10.96,-6518.59,
561.80,2112.60,34.02,11.25,-6648.73,
561.70,2139.60,34.04,11.52,-6772.02,
561.80,2168.90,34.05,11.82,-6904.38,
561.50,2195.20,34.06,12.09,-7021.97,
561.30,2223.50,34.08,12.38,-7147.24,
561.50,2252.30,34.09,12.68,-7273.39,
561.30,2279.50,34.10,12.95,-7391.35,
561.20,2306.90,34.12,13.23,-7509.03,
561.50,2335.50,34.12,13.53,-7630.65,
561.80,2361.30,34.13,13.79,-7739.35,
562.10,2389.60,34.14,14.08,-7857.47,
562.40,2418.30,34.15,14.37,-7976.12,
562.40,2445.50,34.16,14.65,-8087.51,
562.40,2472.60,34.17,14.93,-8197.50,
563.50,2501.10,34.17,15.22,-8312.12,
563.80,2528.00,34.18,15.50,-8419.35,
563.90,2556.20,34.19,15.78,-8530.76,
564.00,2584.50,34.19,16.07,-8641.58,
564.10,2610.80,34.20,16.34,-8743.69,
564.30,2637.90,34.21,16.62,-8848.04,
564.40,2667.70,34.21,16.92,-8961.78,
565.30,2696.10,34.22,17.21,-9069.23,
566.10,2723.10,34.22,17.49,-9170.54,
566.40,2751.20,34.23,17.78,-9275.11,
566.60,2780.40,34.23,18.08,-9382.86,
567.40,2807.20,34.24,18.35,-9480.95,
569.50,2834.50,34.24,18.63,-9580.10,
570.40,2864.00,34.25,18.93,-9686.37,
570.70,2891.80,34.25,19.22,-9785.71,
570.90,2917.60,34.25,19.48,-9877.21,
571.30,2947.00,34.26,19.78,-9980.69,
573.20,2974.70,34.26,20.06,-10077.42,
574.90,3002.20,34.27,20.35,-10172.73,
576.40,3030.90,34.27,20.64,-10271.45,
578.40,3059.50,34.28,20.93,-10369.08,
579.40,3088.10,34.28,21.22,-10465.97,
580.20,3116.00,34.29,21.51,-10559.79,
582.40,3136.90,34.29,21.72,-10629.63,
583.20,3162.60,34.29,21.99,-10714.99,
584.30,3193.50,34.30,22.30,-10816.89,
589.50,3222.30,34.30,22.60,-10911.14,
591.50,3250.00,34.31,22.88,-11001.15,
592.60,3284.80,34.31,23.24,-11113.35,
593.00,3316.40,34.32,23.56,-11214.42,
593.60,3346.30,34.32,23.86,-11309.32,
594.90,3380.80,34.33,24.22,-11417.98,
605.90,3410.30,34.33,24.52,-11510.18,
613.30,3437.50,34.33,24.80,-11594.62,
618.40,3469.10,34.34,25.12,-11692.04,
619.70,3498.60,34.35,25.42,-11782.35,
620.50,3525.40,34.35,25.70,-11863.85,
619.80,3554.60,34.35,26.00,-11952.09,
618.60,3582.20,34.36,26.28,-12034.95,
616.50,3606.40,34.36,26.52,-12107.18,
615.80,3631.80,34.36,26.78,-12182.57,
614.50,3657.90,34.37,27.05,-12259.60,
613.90,3674.20,34.37,27.22,-12307.48,
612.30,3683.10,34.37,27.31,-12333.55,
611.60,3680.20,34.38,27.28,-12325.05,
610.60,3681.50,34.38,27.29,-12328.86,
609.90,3679.20,34.38,27.27,-12322.13,
608.40,3681.20,34.38,27.29,-12327.99,
607.80,3680.00,34.38,27.28,-12324.47,
607.00,3682.00,34.39,27.30,-12330.33,
606.30,3681.40,34.38,27.29,-12328.57,
606.10,3680.50,34.38,27.28,-12325.93,
605.90,3679.50,34.39,27.27,-12323.01,
605.70,3667.70,34.39,27.15,-12288.40,
605.60,3677.20,34.39,27.25,-12316.27,
605.70,3687.80,34.39,27.36,-12347.29,
605.70,3679.50,34.39,27.27,-12323.01,
605.90,3677.50,34.39,27.25,-12317.15,
605.90,3684.80,34.39,27.33,-12338.52,
606.10,3680.40,34.39,27.28,-12325.64,
606.10,3678.40,34.39,27.26,-12319.78,
606.20,3685.20,34.40,27.33,-12339.69,
606.30,3682.00,34.39,27.30,-12330.33,
606.20,3685.40,34.39,27.33,-12340.27,
605.80,3672.80,34.39,27.20,-12303.37,
605.80,3677.00,34.40,27.25,-12315.69,
605.90,3679.00,34.40,27.27,-12321.54,
605.90,3648.20,34.39,26.95,-12231.02,
605.90,3644.90,34.39,26.92,-12221.29,
606.10,3679.40,34.40,27.27,-12322.71,
606.00,3682.50,34.40,27.30,-12331.79,
606.10,3682.80,34.40,27.31,-12332.67,
605.90,3685.30,34.40,27.33,-12339.98,
606.00,3685.30,34.40,27.33,-12339.98,
606.20,3684.70,34.40,27.33,-12338.22,
606.10,3689.60,34.40,27.38,-12352.55,
606.00,3694.70,34.40,27.43,-12367.45,
606.20,3685.30,34.40,27.33,-12339.98,
606.80,3686.00,34.40,27.34,-12342.03,
606.30,3688.10,34.40,27.36,-12348.17,
605.60,3685.90,34.40,27.34,-12341.74,
605.90,3682.20,34.40,27.30,-12330.91,
605.90,3688.20,34.40,27.36,-12348.46,
606.00,3682.30,34.40,27.30,-12331.20,
605.90,3686.50,34.40,27.34,-12343.49,
606.10,3687.60,34.40,27.36,-12346.71,
606606.12,3652.20,34.40,26.99,-12242.81,
606.10,3656.60,34.40,27.04,-12255.77,
606.20,3680.30,34.40,27.28,-12325.35,
606.00,3685.40,34.40,27.33,-12340.27,
606.00,3679.00,34.40,27.27,-12321.54,
606.00,3687.70,34.40,27.36,-12347.00,
606.10,3681.00,34.40,27.29,-12327.40,
606.20,3685.80,34.40,27.34,-12341.45,
606.20,3668.30,34.40,27.16,-12290.16,
606.20,3641.60,34.40,26.88,-12211.55,
606.30,3599.20,34.40,26.45,-12085.73,
606.20,3573.60,34.39,26.19,-12009.19,
606.10,3541.80,34.39,25.86,-11913.48,
606606.00,3504.70,34.39,25.48,-11800.94,
606.10,3472.40,34.39,25.15,-11702.18,
606.10,3435.40,34.39,24.78,-11588.12,
606.00,3391.30,34.38,24.32,-11450.87,
606.20,3359.60,34.38,24.00,-11351.32,
606.10,3323.60,34.38,23.63,-11237.33,
606.40,3278.10,34.37,23.17,-11091.83,
607.40,3248.40,34.37,22.86,-10995.97,
608.70,3213.20,34.37,22.50,-10881.43,
609.80,3166.10,34.36,22.02,-10726.58,
610.90,3138.50,34.36,21.74,-10634.96,
612.00,3103.30,34.36,21.38,-10517.17,
613614.68,3065.00,34.35,20.99,-10387.77,
616.10,3032.20,34.35,20.65,-10275.90,
617.40,2997.00,34.34,20.29,-10154.76,
619.00,2960.50,34.33,19.92,-10027.92,
620.20,2927.10,34.33,19.58,-9910.74,
620.30,2896.60,34.33,19.27,-9802.78,
618.90,2847.30,34.32,18.76,-9626.32,
615.00,2811.30,34.32,18.39,-9495.89,
608.70,2784.80,34.32,18.12,-9399.02,
598.70,2742.90,34.31,17.69,-9244.31,
594.60,2696.80,34.30,17.22,-9071.87,
592.90,2670.70,34.30,16.95,-8973.17,
591.00,2627.80,34.30,16.52,-8809.25,
588584.50,2585.00,34.30,16.08,-8643.53,
582.40,2561.40,34.29,15.84,-8551.20,
580.70,2518.20,34.28,15.39,-8380.39,
578.80,2473.00,34.28,14.93,-8199.12,
576.90,2429.40,34.28,14.49,-8021.69,
574.10,2393.60,34.27,14.12,-7874.08,
572.60,2358.10,34.27,13.76,-7725.92,
571.80,2319.80,34.27,13.37,-7564.04,
571.10,2285.00,34.26,13.01,-7415.06,
570.50,2241.30,34.26,12.56,-7225.37,
568.70,2196.50,34.26,12.10,-7027.75,
568.00,2157.20,34.25,11.70,-6851.70,
567.10,2127.20,34.25,11.40,-6715.55,
566565.62,2104.60,34.24,11.16,-6611.95,
565.00,2039.60,34.24,10.50,-6308.89,
564.90,1993.60,34.24,10.03,-6089.66,
564.60,1954.00,34.24,9.62,-5897.61,
564.20,1923.60,34.23,9.31,-5748.05,
563.70,1876.10,34.23,8.83,-5510.46,
563.20,1841.90,34.22,8.48,-5336.37,
563.00,1818.30,34.22,8.24,-5214.69,
562.70,1762.60,34.22,7.67,-4922.38,
562.60,1722.50,34.22,7.26,-4707.27,
562.60,1685.70,34.22,6.88,-4506.26,
562.70,1643.30,34.21,6.45,-4270.22,
562.70,1606.10,34.21,6.07,-4059.02,
562562.93,1570.10,34.21,5.70,-3850.83,
562.90,1526.90,34.20,5.26,-3595.85,
562.90,1500.40,34.20,4.99,-3436.52,
563.00,1458.00,34.20,4.55,-3176.80,
563.00,1421.20,34.20,4.18,-2946.37,
563.10,1382.20,34.19,3.78,-2696.84,
563.00,1342.80,34.19,3.37,-2438.89,
563.10,1303.00,34.19,2.97,-2172.02,
563.00,1263.50,34.19,2.56,-1900.56,
563.10,1227.80,34.18,2.20,-1649.23,
563.10,1189.40,34.18,1.80,-1372.20,
563.20,1148.40,34.18,1.38,-1068.30,
5632.00,1107.00,34.17,0.96,-752.38,
563.56,1067.90,34.17,0.56,-445.12,
563.30,1043.40,34.16,0.31,-247.91,
563.30,1002.20,34.16,-0.11,92.35,
563.30,967.90,34.15,-0.46,384.38,
563.30,966.70,34.15,-0.47,394.74,
563.30,967.30,34.15,-0.47,389.56,
563.30,967.20,34.15,-0.47,390.42,
563.30,966.70,34.15,-0.47,394.74,
563.30,966.80,34.14,-0.47,393.88,
563.16,966.80,34.14,-0.47,393.88,
563.10,966.80,34.14,-0.47,393.88,
563.56,966.40,34.14,-0.48,397.34,
46.65,966.50,34.14,-0.48,396.47,
42.80,966.50,34.14,-0.48,396.47,
44.09,966.60,34.13,-0.47,395.61,
45.82,966.20,34.14,-0.48,399.07,
45.09,966.50,34.15,-0.48,396.47,
45.43,966.10,34.14,-0.48,399.93,
45.26,965.90,34.15,-0.48,401.66,
44.22,966.20,34.15,-0.48,399.07,
38.91,966.40,34.15,-0.48,397.34,
39.18,966.40,34.15,-0.48,397.34,
38.94,966.20,34.15,-0.48,399.07,
28.02,966.10,34.15,-0.48,399.93,
24.77,965.70,34.16,-0.48,403.39,
24.76,965.70,34.16,-0.48,403.39,
24.86,966.00,34.16,-0.48,400.80,
25.56,965.60,34.16,-0.48,404.26,
21.54,965.80,34.16,-0.48,402.53,
21.26,965.80,34.15,-0.48,402.53,
21.59,965.80,34.15,-0.48,402.53,
22.03,965.50,34.13,-0.49,405.12,
21.57,965.90,34.12,-0.48,401.66,
22.26,965.50,34.10,-0.49,405.12,
17.66,965.40,34.08,-0.49,405.99,
3.77,964.80,34.04,-0.49,411.18,
3.32,965.50,33.99,-0.49,405.12,
3.32,965.40,33.93,-0.49,405.99,
3.34,964.60,33.83,-0.50,412.91,
3.28,964.90,33.72,-0.49,410.32,
3.41,964.70,33.61,-0.49,412.05,
3.43,965.10,33.49,-0.49,408.59,
3.43,965.00,33.38,-0.49,409.45,
3.36,964.70,33.26,-0.49,412.05,
3.92,964.70,33.15,-0.49,412.05,
3.88,964.90,33.04,-0.49,410.32,
3.55,964.70,32.93,-0.49,412.05,
3.49,965.00,32.83,-0.49,409.45,
3.23,964.20,32.73,-0.50,416.38,
3.38,964.70,32.63,-0.49,412.05,
2.85,964.70,32.54,-0.49,412.05,
2.85,964.70,32.45,-0.49,412.05,
2.83,964.80,32.36,-0.49,411.18,
2.57,964.30,32.26,-0.50,415.51,
2.40,964.70,32.18,-0.49,412.05,
6.84,964.50,32.12,-0.50,413.78,
7.81,964.70,32.06,-0.49,412.05,
8.34,964.80,32.02,-0.49,411.18,
8.27,964.80,31.99,-0.49,411.18,
8.75,964.70,31.95,-0.49,412.05,
8.91,964.20,31.92,-0.50,416.38,
8.88,964.50,31.87,-0.50,413.78,
8.91,964.70,31.82,-0.49,412.05,
8.95,964.40,31.77,-0.50,414.64,
8.95,964.80,31.71,-0.49,411.18,
8.88,964.50,31.66,-0.50,413.78,
8.77,964.40,31.60,-0.50,414.64,
8.82,964.50,31.54,-0.50,413.78,
8.88,964.60,31.48,-0.50,412.91,
8.82,964.20,31.41,-0.50,416.38,
8.84,963.90,31.33,-0.50,418.98,
8.80,963.90,31.26,-0.50,418.98,
8.80,963.90,31.19,-0.50,418.98,
8.75,964.00,31.12,-0.50,418.11,
8.69,964.20,31.05,-0.50,416.38,
8.71,964.00,30.98,-0.50,418.11,
8.67,963.90,30.91,-0.50,418.98,
8.64,964.10,30.84,-0.50,417.24,
8.68,963.90,30.76,-0.50,418.98,
8.51,963.40,30.68,-0.51,423.31,
8.49,963.50,30.60,-0.51,422.44,
8.47,963.90,30.52,-0.50,418.98,
6.83,963.70,30.43,-0.50,420.71,
6.49,962.60,30.34,-0.52,430.24,
6.64,963.30,30.24,-0.51,424.18,
6.60,963.00,30.14,-0.51,426.78,
6.66,963.00,30.03,-0.51,426.78,
6.49,962.90,29.92,-0.51,427.64,
6.51,962.80,29.81,-0.51,428.51,
6.29,962.90,29.71,-0.51,427.64,
6.40,962.80,29.62,-0.51,428.51,
6.55,962.70,29.53,-0.51,429.38,
5.58,962.80,29.44,-0.51,428.51,
5.56,962.60,29.35,-0.52,430.24,
5.73,962.90,29.25,-0.51,427.64,
5.64,963.20,29.17,-0.51,425.04,
5.02,962.60,29.10,-0.52,430.24,
4.69,962.60,29.04,-0.52,430.24,
5.47,962.50,29.00,-0.52,431.11,
5.45,962.40,28.97,-0.52,431.98,
5.60,962.60,28.94,-0.52,430.24,
5.69,962.40,28.92,-0.52,431.98,
5.43,962.80,28.92,-0.51,428.51,
6.16,962.20,28.91,-0.52,433.71,
6.59,962.20,28.90,-0.52,433.71,
6.42,962.40,28.90,-0.52,431.98,
6.62,962.50,28.89,-0.52,431.11,
6.90,963.00,28.89,-0.51,426.78,
6.81,962.50,28.89,-0.52,431.11,
6.88,962.70,28.89,-0.51,429.38,
6.99,962.50,28.89,-0.52,431.11,
7.03,962.40,28.90,-0.52,431.98,
7.01,962.70,28.92,-0.51,429.38,
6.94,962.50,28.94,-0.52,431.11,
6.94,962.70,28.96,-0.51,429.38,
6.33,962.60,28.97,-0.52,430.24,
6.57,963.00,29.00,-0.51,426.78,
6.29,962.50,29.03,-0.52,431.11,
3.43,963.10,29.04,-0.51,425.91,
4.35,962.50,29.06,-0.52,431.11,
6.05,962.70,29.06,-0.51,429.38,
6.49,962.20,29.06,-0.52,433.71,
6.53,962.90,29.07,-0.51,427.64,
6.72,962.90,29.07,-0.51,427.64,
6.70,962.90,29.08,-0.51,427.64,
6.70,962.20,29.09,-0.52,433.71,
6.72,962.60,29.08,-0.52,430.24,
6.96,962.70,29.08,-0.51,429.38,
6.96,962.30,29.08,-0.52,432.85,
6.96,962.60,29.08,-0.52,430.24,
6.49,962.60,29.07,-0.52,430.24,
5.41,962.90,29.07,-0.51,427.64,
2.96,962.20,29.08,-0.52,433.71,
2.93,961.60,29.08,-0.53,438.92,
3.00,962.20,29.05,-0.52,433.71,
4.54,963.20,29.01,-0.51,425.04,
6.01,962.40,29.01,-0.52,431.98,
6.16,962.60,29.00,-0.52,430.24,
6.40,963.10,28.97,-0.51,425.91,
6.66,963.20,28.96,-0.51,425.04,
6.68,962.20,28.96,-0.52,433.71,
6.49,962.50,28.95,-0.52,431.11,
7.07,963.00,28.94,-0.51,426.78,
7.36,962.00,28.95,-0.52,435.45,
7.47,962.30,28.95,-0.52,432.85,
7.55,962.80,28.95,-0.51,428.51,
7.51,962.70,28.96,-0.51,429.38,
6.60,962.30,28.95,-0.52,432.85,
5.55,962.40,28.96,-0.52,431.98,
