EC,PRESS,TEMP,DEPTH,ALT
26.96,959.10,25.99,-0.55,460.65,
27.16,959.00,25.98,-0.55,461.52,
27.14,958.10,26.00,-0.56,469.35,
27.19,958.90,25.99,-0.55,462.39,
27.19,958.60,25.99,-0.56,465.00,
27.17,959.20,25.99,-0.55,459.78,
27.08,959.00,25.98,-0.55,461.52,
27.13,959.10,25.98,-0.55,460.65,
27.13,959.80,25.97,-0.54,454.56,
27.13,958.50,25.99,-0.56,465.87,
27.15,959.40,25.98,-0.55,458.04,
27.13,958.60,25.99,-0.56,465.00,
27.17,959.30,25.98,-0.55,458.91,
27.17,959.00,25.99,-0.55,461.52,
27.17,959.00,25.99,-0.55,461.52,
27.17,959.80,25.99,-0.54,454.56,
27.26,958.80,26.00,-0.55,463.26,
27.26,959.30,25.99,-0.55,458.91,
27.24,959.00,26.01,-0.55,461.52,
27.28,959.40,26.00,-0.55,458.04,
27.35,958.50,26.00,-0.56,465.87,
27.30,957.80,26.02,-0.56,471.96,
27.33,958.70,26.01,-0.56,464.13,
27.35,959.50,25.99,-0.55,457.17,
27.40,957.90,26.01,-0.56,471.09,
27.35,958.40,26.01,-0.56,466.74,
27.36,957.20,26.01,-0.57,477.19,
27.36,957.90,26.00,-0.56,471.09,
27.40,958.00,26.00,-0.56,470.22,
27.24,957.90,26.00,-0.56,471.09,
16.18,955.80,26.03,-0.59,489.40,
12.09,959.30,25.97,-0.55,458.91,
8.40,959.70,25.96,-0.55,455.43,
8.45,959.70,25.97,-0.55,455.43,
8.25,958.40,25.99,-0.56,466.74,
8.10,957.40,26.00,-0.57,475.45,
8.05,958.60,25.98,-0.56,465.00,
8.05,957.90,25.99,-0.56,471.09,
7.86,958.10,25.99,-0.56,469.35,
8.10,958.30,25.99,-0.56,467.61,
7.99,957.60,26.00,-0.57,473.70,
7.86,957.80,25.99,-0.56,471.96,
7.97,957.40,26.00,-0.57,475.45,
7.92,957.70,25.99,-0.57,472.83,
7.90,-20828.50,25.78,-223.39,nan,
7.92,957.40,26.01,-0.57,475.45,
7.92,957.30,26.01,-0.57,476.32,
7.83,957.50,26.00,-0.57,474.58,
7.73,958.10,26.00,-0.56,469.35,
7.42,957.80,26.00,-0.56,471.96,
6.90,958.10,26.00,-0.56,469.35,
2.09,957.70,26.00,-0.57,472.83,
3.05,957.80,25.99,-0.56,471.96,
4.21,957.70,26.00,-0.57,472.83,
7.38,957.60,26.00,-0.57,473.70,
7.92,957.90,26.01,-0.56,471.09,
7.48,957.90,26.01,-0.56,471.09,
6.55,957.60,26.01,-0.57,473.70,
6.18,957.80,26.02,-0.56,471.96,
7.70,957.90,26.02,-0.56,471.09,
7.92,958.00,26.02,-0.56,470.22,
7.92,957.80,26.03,-0.56,471.96,
8.01,957.90,26.04,-0.56,471.09,
7.77,957.60,26.04,-0.57,473.70,
7.96,957.50,26.05,-0.57,474.58,
8.12,957.60,26.06,-0.57,473.70,
7.88,958.90,26.03,-0.55,462.39,
8.05,959.20,26.05,-0.55,459.78,
8.25,958.50,26.06,-0.56,465.87,
7.85,958.90,26.06,-0.55,462.39,
8.01,958.90,26.07,-0.55,462.39,
8.14,957.80,26.09,-0.56,471.96,
8.25,958.00,26.10,-0.56,470.22,
9.19,958.00,26.11,-0.56,470.22,
9.10,957.10,26.12,-0.57,478.06,
9.17,957.40,26.13,-0.57,475.45,
9.02,957.50,26.13,-0.57,474.58,
8.01,956.60,26.15,-0.58,482.42,
3.35,957.80,26.14,-0.56,471.96,
3.54,957.10,26.15,-0.57,478.06,
3.67,956.80,26.15,-0.57,480.68,
3.41,956.50,26.16,-0.58,483.29,
3.35,956.90,26.17,-0.57,479.80,
3.37,954.70,26.20,-0.60,499.00,
3.50,954.40,26.20,-0.60,501.62,
3.43,957.60,26.17,-0.57,473.70,
3.48,955.10,26.21,-0.59,495.50,
3.41,957.70,26.17,-0.57,472.83,
3.44,955.50,26.20,-0.59,492.01,
3.39,956.50,26.19,-0.58,483.29,
3.48,952.40,26.27,-0.62,519.10,
3.44,953.30,26.25,-0.61,511.23,
3.33,954.80,26.22,-0.60,498.12,
3.74,955.20,26.23,-0.59,494.63,
4.30,954.20,26.24,-0.60,503.36,
4.12,952.80,26.26,-0.62,515.60,
4.14,956.00,26.22,-0.58,487.65,
4.08,956.80,26.20,-0.57,480.68,
4.19,955.90,26.23,-0.58,488.52,
4.32,953.60,26.26,-0.61,508.61,
4.21,952.90,26.28,-0.61,514.72,
3.80,954.10,26.25,-0.60,504.24,
3.89,955.20,26.24,-0.59,494.63,
3.93,953.10,26.27,-0.61,512.98,
3.93,957.80,26.21,-0.56,471.96,
3.91,954.40,26.25,-0.60,501.62,
3.91,955.50,26.24,-0.59,492.01,
3.93,955.40,26.24,-0.59,492.88,
3.95,954.80,26.25,-0.60,498.12,
3.93,954.10,26.26,-0.60,504.24,
3.93,954.50,26.24,-0.60,500.74,
2.94,954.60,26.24,-0.60,499.87,
2.36,954.20,26.23,-0.60,503.36,
2.21,954.70,26.23,-0.60,499.00,
2.26,954.80,26.23,-0.60,498.12,
2.28,954.50,26.23,-0.60,500.74,
1.81,954.60,26.23,-0.60,499.87,
1.70,954.90,26.23,-0.59,497.25,
1.62,955.10,26.23,-0.59,495.50,
0.70,954.60,26.24,-0.60,499.87,
1.62,954.70,26.24,-0.60,499.00,
1.81,954.80,26.25,-0.60,498.12,
2.04,954.90,26.26,-0.59,497.25,
2.11,954.60,26.28,-0.60,499.87,
2.15,954.90,26.30,-0.59,497.25,
2.13,954.50,26.33,-0.60,500.74,
2.00,954.80,26.35,-0.60,498.12,
2.21,954.90,26.37,-0.59,497.25,
2.23,954.90,26.39,-0.59,497.25,
2.09,955.10,26.42,-0.59,495.50,
2.13,954.50,26.43,-0.60,500.74,
1.98,954.80,26.44,-0.60,498.12,
1.72,955.00,26.45,-0.59,496.38,
1.55,954.70,26.46,-0.60,499.00,
1.34,954.90,26.47,-0.59,497.25,
1.34,955.30,26.47,-0.59,493.76,
1.74,955.30,26.48,-0.59,493.76,
1.98,954.90,26.48,-0.59,497.25,
2.25,955.00,26.49,-0.59,496.38,
2.38,955.20,26.49,-0.59,494.63,
1.96,955.30,26.49,-0.59,493.76,
2.32,954.70,26.49,-0.60,499.00,
2.51,955.20,26.49,-0.59,494.63,
2.53,955.10,26.50,-0.59,495.50,
2.55,955.30,26.50,-0.59,493.76,
2.51,954.80,26.50,-0.60,498.12,
2.58,954.90,26.50,-0.59,497.25,
2.55,954.90,26.49,-0.59,497.25,
2.58,954.80,26.49,-0.60,498.12,
2.55,955.10,26.49,-0.59,495.50,
2.58,954.60,26.48,-0.60,499.87,
2.51,955.20,26.48,-0.59,494.63,
2.60,955.00,26.48,-0.59,496.38,
2.55,955.00,26.48,-0.59,496.38,
2.58,955.20,26.48,-0.59,494.63,
2.53,954.90,26.48,-0.59,497.25,
2.49,954.80,26.48,-0.60,498.12,
2.51,955.20,26.48,-0.59,494.63,
2.38,954.80,26.49,-0.60,498.12,
2.55,954.80,26.49,-0.60,498.12,
2.58,954.80,26.49,-0.60,498.12,
2.51,955.10,26.50,-0.59,495.50,
2.58,954.90,26.51,-0.59,497.25,
2.11,954.80,26.51,-0.60,498.12,
1.42,954.70,26.51,-0.60,499.00,
1.81,954.80,26.50,-0.60,498.12,
1.17,954.70,26.51,-0.60,499.00,
1.06,954.80,26.50,-0.60,498.12,
1.83,955.10,26.50,-0.59,495.50,
2.08,954.90,26.49,-0.59,497.25,
1.92,954.50,26.49,-0.60,500.74,
2.43,955.10,26.47,-0.59,495.50,
2.36,954.80,26.47,-0.60,498.12,
2.40,954.70,26.46,-0.60,499.00,
2.45,954.70,26.45,-0.60,499.00,
2.47,954.70,26.45,-0.60,499.00,
2.51,954.80,26.45,-0.60,498.12,
2.38,954.50,26.45,-0.60,500.74,
2.40,954.90,26.44,-0.59,497.25,
2.23,954.80,26.45,-0.60,498.12,
1.72,955.10,26.45,-0.59,495.50,
1.72,955.00,26.46,-0.59,496.38,
1.42,955.00,26.47,-0.59,496.38,
1.31,955.00,26.47,-0.59,496.38,
1.51,955.10,26.47,-0.59,495.50,
1.66,954.80,26.47,-0.60,498.12,
1.79,954.80,26.46,-0.60,498.12,
2.23,954.30,26.46,-0.60,502.49,
2.34,954.70,26.45,-0.60,499.00,
2.36,955.00,26.44,-0.59,496.38,
2.34,954.70,26.43,-0.60,499.00,
2.43,954.80,26.42,-0.60,498.12,
2.49,955.10,26.41,-0.59,495.50,
2.53,955.10,26.41,-0.59,495.50,
2.51,954.70,26.40,-0.60,499.00,
2.49,954.80,26.39,-0.60,498.12,
2.52,954.50,26.39,-0.60,500.74,
2.47,954.50,26.38,-0.60,500.74,
2.47,954.80,26.38,-0.60,498.12,
2.51,954.50,26.37,-0.60,500.74,
2.55,954.70,26.37,-0.60,499.00,
2.72,954.10,26.37,-0.60,504.24,
2.55,954.90,26.36,-0.59,497.25,
2.49,954.80,26.35,-0.60,498.12,
2.45,955.00,26.35,-0.59,496.38,
1.68,954.80,26.35,-0.60,498.12,
1.36,955.00,26.34,-0.59,496.38,
1.57,955.10,26.34,-0.59,495.50,
1.55,954.50,26.34,-0.60,500.74,
1.41,954.70,26.34,-0.60,499.00,
1.61,954.70,26.33,-0.60,499.00,
1.70,954.70,26.33,-0.60,499.00,
1.42,954.80,26.33,-0.60,498.12,
1.53,954.80,26.33,-0.60,498.12,
1.70,954.70,26.33,-0.60,499.00,
1.49,954.80,26.33,-0.60,498.12,
1.59,954.80,26.33,-0.60,498.12,
1.32,955.20,26.32,-0.59,494.63,
1.55,954.70,26.32,-0.60,499.00,
1.93,954.90,26.32,-0.59,497.25,
2.28,954.70,26.32,-0.60,499.00,
2.47,954.80,26.31,-0.60,498.12,
2.52,954.70,26.29,-0.60,499.00,
2.55,954.90,26.30,-0.59,497.25,
2.53,954.40,26.30,-0.60,501.62,
2.55,954.30,26.30,-0.60,502.49,
2.53,954.90,26.30,-0.59,497.25,
2.55,955.00,26.30,-0.59,496.38,
2.55,954.70,26.30,-0.60,499.00,
2.55,954.50,26.29,-0.60,500.74,
2.53,954.30,26.29,-0.60,502.49,
2.53,954.40,26.29,-0.60,501.62,
2.53,954.30,26.28,-0.60,502.49,
2.55,954.60,26.28,-0.60,499.87,
1.93,954.80,26.28,-0.60,498.12,
1.61,954.50,26.26,-0.60,500.74,
1.68,954.40,26.27,-0.60,501.62,
1.59,954.60,26.27,-0.60,499.87,
1.85,954.50,26.26,-0.60,500.74,
1.76,954.60,26.26,-0.60,499.87,
1.72,954.50,26.25,-0.60,500.74,
1.74,954.90,26.25,-0.59,497.25,
1.61,954.30,26.25,-0.60,502.49,
1.57,954.80,26.24,-0.60,498.12,
1.66,954.90,26.24,-0.59,497.25,
1.61,954.90,26.24,-0.59,497.25,
1.68,954.70,26.24,-0.60,499.00,
1.53,954.50,26.23,-0.60,500.74,
1.71,954.70,26.23,-0.60,499.00,
1.53,954.30,26.22,-0.60,502.49,
1.57,954.60,26.22,-0.60,499.87,
1.68,954.20,26.22,-0.60,503.36,
1.59,954.70,26.22,-0.60,499.00,
1.61,954.60,26.22,-0.60,499.87,
1.66,954.80,26.22,-0.60,498.12,
1.53,954.30,26.21,-0.60,502.49,
1.61,953.80,26.21,-0.61,506.86,
1.59,954.20,26.21,-0.60,503.36,
1.49,954.00,26.21,-0.60,505.11,
1.53,954.60,26.21,-0.60,499.87,
1.44,954.50,26.20,-0.60,500.74,
1.41,954.70,26.19,-0.60,499.00,
1.42,954.70,26.19,-0.60,499.00,
1.42,954.40,26.19,-0.60,501.62,
1.44,954.50,26.19,-0.60,500.74,
1.46,954.70,26.18,-0.60,499.00,
1.44,954.70,26.18,-0.60,499.00,
1.36,954.40,26.18,-0.60,501.62,
1.44,954.70,26.17,-0.60,499.00,
1.27,954.90,26.17,-0.59,497.25,
1.38,954.60,26.16,-0.60,499.87,
1.25,954.00,26.16,-0.60,505.11,
1.27,954.00,26.15,-0.60,505.11,
1.25,954.60,26.15,-0.60,499.87,
1.41,954.30,26.14,-0.60,502.49,
1.46,954.20,26.14,-0.60,503.36,
1.25,954.20,26.13,-0.60,503.36,
1.34,954.40,26.12,-0.60,501.62,
1.34,954.10,26.12,-0.60,504.24,
1.29,954.40,26.12,-0.60,501.62,
1.38,954.60,26.11,-0.60,499.87,
1.44,954.40,26.11,-0.60,501.62,
1.32,954.00,26.10,-0.60,505.11,
1.34,954.20,26.09,-0.60,503.36,
1.36,954.10,26.09,-0.60,504.24,
1.34,954.10,26.08,-0.60,504.24,
1.32,954.40,26.07,-0.60,501.62,
1.21,954.40,26.06,-0.60,501.62,
1.27,954.40,26.05,-0.60,501.62,
1.34,954.80,26.05,-0.60,498.12,
1.34,954.30,26.05,-0.60,502.49,
1.38,954.40,26.04,-0.60,501.62,
1.34,953.80,26.03,-0.61,506.86,
1.25,954.40,26.03,-0.60,501.62,
1.19,954.60,26.02,-0.60,499.87,
1.25,954.20,26.02,-0.60,503.36,
1.23,954.40,26.01,-0.60,501.62,
1.23,954.20,26.00,-0.60,503.36,
1.27,954.40,26.00,-0.60,501.62,
1.27,954.50,25.99,-0.60,500.74,
1.21,954.50,25.97,-0.60,500.74,
1.23,954.10,25.97,-0.60,504.24,
1.23,954.00,25.97,-0.60,505.11,
1.21,954.10,25.96,-0.60,504.24,
1.19,954.20,25.95,-0.60,503.36,
1.19,954.50,25.95,-0.60,500.74,
1.17,954.30,25.94,-0.60,502.49,
1.19,953.80,25.93,-0.61,506.86,
1.21,954.10,25.93,-0.60,504.24,
1.21,954.00,25.92,-0.60,505.11,
1.19,954.20,25.92,-0.60,503.36,
1.19,954.10,25.92,-0.60,504.24,
1.15,954.00,25.92,-0.60,505.11,
1.11,954.10,25.91,-0.60,504.24,
1.08,954.10,25.91,-0.60,504.24,
1.10,954.30,25.91,-0.60,502.49,
1.12,954.10,25.91,-0.60,504.24,
1.15,954.70,25.91,-0.60,499.00,
1.10,954.10,25.90,-0.60,504.24,
1.08,954.00,25.90,-0.60,505.11,
1.12,954.30,25.90,-0.60,502.49,
1.12,954.20,25.90,-0.60,503.36,
1.02,954.50,25.90,-0.60,500.74,
1.08,954.20,25.90,-0.60,503.36,
1.12,954.50,25.89,-0.60,500.74,
1.08,954.10,25.89,-0.60,504.24,
1.01,954.10,25.89,-0.60,504.24,
1.08,954.50,25.88,-0.60,500.74,
1.15,954.40,25.88,-0.60,501.62,
1.08,954.50,25.88,-0.60,500.74,
0.95,954.20,25.88,-0.60,503.36,
0.98,954.20,25.88,-0.60,503.36,
1.02,954.10,25.87,-0.60,504.24,
1.04,954.30,25.87,-0.60,502.49,
1.06,954.30,25.87,-0.60,502.49,
1.06,954.10,25.87,-0.60,504.24,
1.10,954.50,25.87,-0.60,500.74,
1.10,954.00,25.86,-0.60,505.11,
1.08,954.20,25.86,-0.60,503.36,
1.01,953.80,25.86,-0.61,506.86,
1.06,954.60,25.86,-0.60,499.87,
0.91,954.10,25.86,-0.60,504.24,
1.06,954.20,25.85,-0.60,503.36,
1.04,954.40,25.85,-0.60,501.62,
1.00,954.00,25.85,-0.60,505.11,
1.04,954.10,25.85,-0.60,504.24,
0.98,954.10,25.84,-0.60,504.24,
0.98,954.00,25.84,-0.60,505.11,
1.04,954.20,25.83,-0.60,503.36,
0.98,953.90,25.83,-0.60,505.98,
1.12,954.30,25.83,-0.60,502.49,
1.06,954.20,25.82,-0.60,503.36,
1.01,954.00,25.82,-0.60,505.11,
1.00,954.20,25.81,-0.60,503.36,
1.08,954.10,25.81,-0.60,504.24,
0.98,954.10,25.80,-0.60,504.24,
1.08,954.20,25.79,-0.60,503.36,
1.02,954.10,25.79,-0.60,504.24,
1.02,954.30,25.78,-0.60,502.49,
1.00,953.90,25.78,-0.60,505.98,
0.95,953.60,25.77,-0.61,508.61,
0.95,953.90,25.76,-0.60,505.98,
0.95,954.00,25.75,-0.60,505.11,
1.00,954.20,25.74,-0.60,503.36,
0.98,954.50,25.73,-0.60,500.74,
0.90,954.60,25.73,-0.60,499.87,
0.93,953.80,25.72,-0.61,506.86,
0.95,954.10,25.71,-0.60,504.24,
0.91,954.40,25.70,-0.60,501.62,
0.93,954.10,25.69,-0.60,504.24,
0.87,954.10,25.68,-0.60,504.24,
0.91,953.70,25.68,-0.61,507.73,
0.87,954.50,25.66,-0.60,500.74,
0.87,953.90,25.66,-0.60,505.98,
0.83,954.10,25.66,-0.60,504.24,
0.87,954.00,25.65,-0.60,505.11,
0.87,954.00,25.65,-0.60,505.11,
0.83,953.90,25.65,-0.60,505.98,
0.80,954.20,25.65,-0.60,503.36,
0.87,954.20,25.65,-0.60,503.36,
0.93,953.80,25.64,-0.61,506.86,
0.91,954.50,25.64,-0.60,500.74,
0.83,954.10,25.63,-0.60,504.24,
0.87,953.70,25.64,-0.61,507.73,
0.83,953.80,25.63,-0.61,506.86,
0.83,954.20,25.63,-0.60,503.36,
0.83,953.60,25.63,-0.61,508.61,
0.76,953.80,25.62,-0.61,506.86,
0.78,954.30,25.61,-0.60,502.49,
0.76,954.30,25.61,-0.60,502.49,
0.76,953.70,25.61,-0.61,507.73,
0.70,953.70,25.60,-0.61,507.73,
0.81,954.20,25.59,-0.60,503.36,
1.19,953.60,25.59,-0.61,508.61,
1.55,953.90,25.58,-0.60,505.98,
1.51,953.80,25.57,-0.61,506.86,
1.61,954.20,25.57,-0.60,503.36,
1.55,954.10,25.56,-0.60,504.24,
1.55,954.30,25.55,-0.60,502.49,
1.44,954.00,25.54,-0.60,505.11,
1.29,953.90,25.53,-0.60,505.98,
1.38,954.10,25.53,-0.60,504.24,
0.98,954.00,25.52,-0.60,505.11,
0.98,954.10,25.51,-0.60,504.24,
0.90,954.10,25.50,-0.60,504.24,
0.93,953.80,25.49,-0.61,506.86,
0.95,953.80,25.49,-0.61,506.86,
0.98,954.10,25.48,-0.60,504.24,
0.93,954.40,25.47,-0.60,501.62,
0.98,953.80,25.46,-0.61,506.86,
0.93,954.10,25.46,-0.60,504.24,
0.95,953.70,25.45,-0.61,507.73,
0.89,953.90,25.44,-0.60,505.98,
1.00,953.90,25.44,-0.60,505.98,
0.87,953.70,25.43,-0.61,507.73,
0.87,954.30,25.42,-0.60,502.49,
0.85,954.00,25.42,-0.60,505.11,
0.70,953.70,25.41,-0.61,507.73,
0.76,953.80,25.41,-0.61,506.86,
0.78,953.80,25.40,-0.61,506.86,
0.76,954.00,25.40,-0.60,505.11,
0.74,954.30,25.41,-0.60,502.49,
0.76,954.20,25.41,-0.60,503.36,
0.85,954.30,25.40,-0.60,502.49,
0.81,954.40,25.40,-0.60,501.62,
0.76,953.70,25.41,-0.61,507.73,
0.81,954.20,25.41,-0.60,503.36,
0.78,953.90,25.41,-0.60,505.98,
0.78,954.50,25.41,-0.60,500.74,
0.74,954.40,25.41,-0.60,501.62,
0.70,954.40,25.42,-0.60,501.62,
0.78,954.20,25.43,-0.60,503.36,
0.72,954.30,25.43,-0.60,502.49,
0.74,954.10,25.44,-0.60,504.24,
0.72,954.40,25.44,-0.60,501.62,
0.78,954.40,25.45,-0.60,501.62,
0.74,954.40,25.45,-0.60,501.62,
0.70,954.30,25.46,-0.60,502.49,
0.74,954.70,25.47,-0.60,499.00,
0.74,954.50,25.48,-0.60,500.74,
0.76,954.00,25.48,-0.60,505.11,
0.78,954.00,25.49,-0.60,505.11,
0.70,954.80,25.50,-0.60,498.12,
0.70,954.80,25.51,-0.60,498.12,
0.78,954.60,25.52,-0.60,499.87,
0.76,954.60,25.54,-0.60,499.87,
0.78,954.80,25.56,-0.60,498.12,
0.76,954.80,25.57,-0.60,498.12,
0.76,954.50,25.58,-0.60,500.74,
0.72,955.00,25.60,-0.59,496.38,
0.78,954.70,25.62,-0.60,499.00,
0.76,955.00,25.64,-0.59,496.38,
0.78,954.60,25.66,-0.60,499.87,
0.78,954.80,25.68,-0.60,498.12,
0.83,955.00,25.70,-0.59,496.38,
0.81,954.40,25.72,-0.60,501.62,
0.78,954.50,25.74,-0.60,500.74,
0.83,954.40,25.75,-0.60,501.62,
0.83,954.10,25.77,-0.60,504.24,
0.81,954.60,25.78,-0.60,499.87,
0.83,954.30,25.80,-0.60,502.49,
0.83,954.30,25.82,-0.60,502.49,
0.83,954.70,25.85,-0.60,499.00,
0.83,954.60,25.87,-0.60,499.87,
0.83,954.80,25.89,-0.60,498.12,
0.85,954.40,25.92,-0.60,501.62,
0.87,954.30,25.95,-0.60,502.49,
0.89,954.60,25.97,-0.60,499.87,
0.80,954.50,25.99,-0.60,500.74,
0.83,954.50,26.01,-0.60,500.74,
0.89,954.50,26.02,-0.60,500.74,
0.85,954.60,26.04,-0.60,499.87,
0.85,954.20,26.06,-0.60,503.36,
0.89,954.30,26.07,-0.60,502.49,
0.95,954.30,26.08,-0.60,502.49,
0.93,954.20,26.09,-0.60,503.36,
0.93,954.60,26.11,-0.60,499.87,
0.89,954.60,26.12,-0.60,499.87,
0.89,954.60,26.13,-0.60,499.87,
0.95,954.70,26.15,-0.60,499.00,
0.93,954.50,26.16,-0.60,500.74,
0.80,954.80,26.16,-0.60,498.12,
0.89,954.70,26.19,-0.60,499.00,
0.89,954.40,26.20,-0.60,501.62,
0.89,954.50,26.22,-0.60,500.74,
0.95,955.10,26.23,-0.59,495.50,
0.93,954.70,26.25,-0.60,499.00,
0.93,955.00,26.26,-0.59,496.38,
0.93,954.90,26.27,-0.59,497.25,
0.95,955.60,26.29,-0.59,491.14,
0.93,955.40,26.30,-0.59,492.88,
0.93,955.20,26.31,-0.59,494.63,
0.93,955.50,26.33,-0.59,492.01,
0.93,955.10,26.34,-0.59,495.50,
0.90,954.70,26.36,-0.60,499.00,
0.97,955.20,26.38,-0.59,494.63,
0.91,955.10,26.39,-0.59,495.50,
0.95,955.20,26.41,-0.59,494.63,
0.95,955.60,26.42,-0.59,491.14,
0.98,955.40,26.43,-0.59,492.88,
0.93,955.50,26.45,-0.59,492.01,
0.93,957.40,26.46,-0.57,475.45,
0.95,985.00,26.55,-0.29,237.76,
0.98,1013.80,26.88,0.01,-4.58,
0.95,1037.50,27.35,0.25,-199.85,
0.97,1074.10,27.84,0.62,-494.44,
1.00,1118.90,28.31,1.08,-844.16,
1.01,1177.30,28.75,1.68,-1283.41,
0.93,1227.60,29.15,2.19,-1647.81,
1.00,1277.90,29.53,2.71,-2000.30,
1.00,1332.50,29.88,3.27,-2370.45,
1.02,1394.70,30.20,3.90,-2777.43,
1.04,1461.00,30.49,4.58,-3195.37,
0.93,1515.80,30.76,5.14,-3529.38,
1.02,1574.40,31.01,5.74,-3875.90,
557.86,1635.90,31.23,6.37,-4228.52,
58583.26,1691.60,31.44,6.94,-4538.73,
585.00,1737.30,31.63,7.41,-4787.13,
585.00,1780.80,31.81,7.85,-5018.71,
585.20,1831.60,31.97,8.37,-5283.41,
585.30,1888.20,32.12,8.95,-5571.44,
585.20,1940.50,32.27,9.49,-5831.43,
585.20,1985.40,32.40,9.95,-6050.14,
585.30,2043.00,32.55,10.53,-6324.93,
585.40,2012.60,32.67,10.22,-6180.70,
585.50,2066.10,32.80,10.77,-6433.38,
588.00,2090.20,32.92,11.02,-6545.47,
589.30,2131.00,33.02,11.43,-6732.88,
589.30,2178.30,33.10,11.92,-6946.54,
589.30,2229.30,33.19,12.44,-7172.75,
589.30,2273.80,33.26,12.90,-7366.73,
589.30,2321.80,33.33,13.39,-7572.55,
589.50,2362.70,33.40,13.80,-7745.22,
589.50,2413.00,33.46,14.32,-7954.29,
589.60,2465.70,33.52,14.86,-8169.59,
589.50,2522.50,33.56,15.44,-8397.50,
589.70,2595.10,33.62,16.18,-8682.84,
589.70,2654.30,33.67,16.79,-8910.76,
595.10,2718.90,33.71,17.45,-9154.83,
600.90,2786.10,33.76,18.13,-9403.79,
596.20,2859.50,33.80,18.89,-9670.22,
590.00,2918.50,33.83,19.49,-9880.39,
590.40,2985.30,33.86,20.17,-10114.25,
590.60,3051.10,33.89,20.85,-10340.49,
590.80,3129.90,33.92,21.65,-10606.29,
591.10,3202.80,33.93,22.40,-10847.40,
591.20,3289.70,33.98,23.29,-11129.08,
591.50,3365.60,34.00,24.06,-11370.22,
592.30,3435.70,34.02,24.78,-11589.04,
591.80,3510.10,34.05,25.54,-11817.38,
591.90,3575.70,34.07,26.21,-12015.48,
592.30,3641.40,34.09,26.88,-12210.96,
592.20,3706.40,34.11,27.55,-12401.56,
592.40,3776.50,34.13,28.26,-12604.10,
592.40,3848.90,34.14,29.01,-12810.12,
592.40,3917.00,34.16,29.70,-13001.06,
592.50,3980.30,34.18,30.35,-13176.14,
592.60,4050.10,34.19,31.06,-13366.61,
592.70,4117.60,34.21,31.75,-13548.30,
592.90,4197.60,34.23,32.57,-13760.52,
593.00,4268.60,34.24,33.30,-13946.15,
592.90,4341.00,34.26,34.04,-14132.88,
593.10,4408.10,34.27,34.72,-14303.71,
593.20,4474.20,34.28,35.40,-14469.94,
593.10,4531.80,34.30,35.99,-14613.18,
593.30,4489.50,34.30,35.56,-14508.13,
593.50,4518.90,34.31,35.86,-14581.23,
593.50,4582.00,34.33,36.50,-14736.82,
593.50,4643.40,34.34,37.13,-14886.57,
593.60,4671.10,34.35,37.41,-14953.60,
593.80,4721.20,34.36,37.93,-15074.03,
593.90,4774.90,34.37,38.48,-15201.96,
594.40,4826.00,34.38,39.00,-15322.62,
594.40,4879.50,34.39,39.55,-15447.85,
594.40,4934.60,34.40,40.11,-15575.66,
594.00,4990.50,34.41,40.68,-15704.15,
594.30,5041.40,34.42,41.20,-15820.14,
594.40,5090.50,34.43,41.70,-15931.14,
594.40,5136.10,34.44,42.17,-16033.45,
594.40,5191.50,34.45,42.74,-16156.76,
594.60,5235.10,34.46,43.18,-16253.06,
594.50,5285.10,34.47,43.69,-16362.70,
594.60,5331.80,34.48,44.17,-16464.35,
594.60,5382.70,34.49,44.69,-16574.32,
594.60,5438.30,34.50,45.26,-16693.49,
594.60,5490.00,34.51,45.79,-16803.42,
594.70,5540.30,34.53,46.30,-16909.57,
594.70,5593.80,34.54,46.85,-17021.61,
594.80,5639.50,34.55,47.32,-17116.64,
594.80,5689.70,34.56,47.83,-17220.31,
594.80,5741.50,34.57,48.36,-17326.51,
594.80,5796.10,34.59,48.92,-17437.61,
594.80,5854.00,34.60,49.51,-17554.51,
594.80,5905.90,34.61,50.04,-17658.49,
594.90,5951.40,34.63,50.51,-17749.05,
594.80,5997.90,34.64,50.98,-17841.02,
594.90,6039.30,34.65,51.41,-17922.43,
594.80,6081.70,34.66,51.84,-18005.32,
594.90,6122.90,34.67,52.26,-18085.43,
594.90,6167.60,34.68,52.72,-18171.85,
595.20,6204.50,34.69,53.10,-18242.81,
594.70,6255.30,34.71,53.62,-18339.94,
594.60,6318.80,34.73,54.27,-18460.46,
594.70,6380.30,34.74,54.90,-18576.25,
594.40,6437.50,34.75,55.48,-18683.14,
594.70,6485.90,34.77,55.98,-18772.98,
592.50,6541.70,34.78,56.55,-18875.89,
594.50,6591.50,34.80,57.06,-18967.13,
594.30,6652.30,34.81,57.68,-19077.78,
594.30,6720.60,34.83,58.38,-19201.10,
594.10,6778.00,34.84,58.96,-19303.96,
594.10,6827.90,34.86,59.47,-19392.81,
593.90,6875.40,34.87,59.96,-19476.90,
593.90,6935.40,34.89,60.57,-19582.44,
593.60,6983.90,34.90,61.07,-19667.22,
593.50,7058.90,34.92,61.84,-19797.39,
593.40,7110.50,34.94,62.36,-19886.30,
593.10,7159.80,34.95,62.87,-19970.74,
593.10,7197.30,34.96,63.25,-20034.67,
593.00,7241.70,34.98,63.71,-20110.01,
592.70,7277.20,34.99,64.07,-20169.99,
592.60,7321.00,35.01,64.52,-20243.65,
592.50,7358.80,35.02,64.90,-20306.94,
592.30,7398.90,35.03,65.31,-20373.79,
592.00,7438.30,35.05,65.72,-20439.19,
591.80,7479.70,35.06,66.14,-20507.61,
591.70,7521.40,35.07,66.57,-20576.22,
591.40,7555.70,35.09,66.92,-20632.41,
591.50,7598.50,35.11,67.36,-20702.25,
591.20,7648.30,35.12,67.86,-20783.11,
591.10,7697.10,35.13,68.36,-20861.93,
590.90,7746.00,35.14,68.86,-20940.51,
590.70,7794.40,35.16,69.36,-21017.90,
590.60,7841.30,35.17,69.84,-21092.52,
590.30,7887.20,35.19,70.31,-21165.18,
590.30,7932.20,35.20,70.77,-21236.10,
590.00,7980.40,35.22,71.26,-21311.71,
589.90,8026.00,35.23,71.73,-21382.89,
589.70,8076.90,35.25,72.25,-21461.96,
589.40,8129.50,35.26,72.79,-21543.25,
589.20,8179.00,35.28,73.29,-21619.35,
589.00,8231.30,35.30,73.83,-21699.36,
588.80,8283.20,35.31,74.36,-21778.35,
588.20,8336.00,35.33,74.90,-21858.31,
588.00,8392.70,35.34,75.48,-21943.71,
587587.43,8449.20,35.36,76.06,-22028.35,
587.00,8493.60,35.37,76.51,-22094.54,
586.50,8543.20,35.39,77.02,-22168.15,
586.20,8596.10,35.41,77.56,-22246.28,
585.80,8646.70,35.42,78.08,-22320.65,
585.60,8695.50,35.44,78.58,-22392.05,
585.20,8743.60,35.45,79.07,-22462.09,
584.80,8795.90,35.47,79.60,-22537.90,
584.40,8846.00,35.48,80.11,-22610.19,
583.80,8889.20,35.50,80.56,-22672.25,
583.50,8928.20,35.52,80.96,-22728.06,
583.20,8977.90,35.53,81.46,-22798.91,
582.60,9032.30,35.55,82.02,-22876.10,
582582.12,9089.80,35.56,82.61,-22957.28,
581.70,9135.50,35.58,83.08,-23021.49,
581.40,9188.20,35.59,83.61,-23095.22,
581.00,9250.90,35.61,84.26,-23182.51,
580.50,9302.80,35.63,84.79,-23254.39,
580.00,9354.50,35.64,85.32,-23325.68,
579.90,9402.00,35.66,85.80,-23390.89,
579.60,9453.60,35.68,86.33,-23461.43,
579.60,9506.90,35.70,86.87,-23533.97,
579.10,9562.60,35.71,87.44,-23609.43,
578.80,9615.20,35.73,87.98,-23680.36,
578.40,9666.90,35.74,88.51,-23749.77,
578577.68,9712.30,35.76,88.98,-23810.48,
577.10,9762.90,35.78,89.49,-23877.86,
576.90,9823.10,35.80,90.11,-23957.67,
576.00,9873.20,35.82,90.62,-24023.78,
575.50,9918.90,35.83,91.09,-24083.86,
575.10,9975.10,35.85,91.66,-24157.42,
574.60,10047.70,35.87,92.41,-24251.96,
573.80,10117.10,35.89,93.12,-24341.82,
572.90,10177.50,35.91,93.73,-24419.62,
572.20,10245.50,35.93,94.43,-24506.76,
571.60,10306.70,35.94,95.05,-24584.79,
571.10,10357.60,35.97,95.58,-24649.39,
570.70,10421.80,35.98,96.23,-24730.52,
570569.43,10487.30,36.00,96.90,-24812.88,
568.50,10546.60,36.03,97.51,-24887.08,
568.30,10601.20,36.04,98.07,-24955.10,
567.80,10647.40,36.06,98.54,-25012.44,
567.30,10701.30,36.08,99.09,-25079.07,
566.90,10765.80,36.10,99.75,-25158.46,
566.30,10838.70,36.11,100.50,-25247.73,
565.80,10914.20,36.14,101.27,-25339.66,
565.50,10987.30,36.15,102.02,-25428.18,
565.20,11052.40,36.18,102.68,-25506.62,
564.60,11120.50,36.19,103.38,-25588.27,
564.10,11193.70,36.22,104.13,-25675.58,
564.00,11264.70,36.24,104.85,-25759.83,
563563.31,11340.10,36.26,105.62,-25848.84,
563.00,11416.50,36.29,106.41,-25938.53,
562.60,11489.60,36.31,107.15,-26023.90,
562.40,11556.20,36.33,107.83,-26101.29,
561.90,11630.10,36.36,108.59,-26186.74,
561.60,11708.30,36.38,109.39,-26276.69,
561.10,11780.90,36.40,110.13,-26359.77,
560.90,11854.50,36.43,110.89,-26443.57,
560.70,11933.40,36.45,111.69,-26532.93,
560.30,12004.50,36.48,112.42,-26613.05,
560.00,12071.50,36.50,113.10,-26688.20,
559.80,12137.50,36.52,113.78,-26761.90,
559559.12,12204.40,36.55,114.46,-26836.27,
558.80,12274.00,36.57,115.18,-26913.30,
558.50,12348.60,36.60,115.94,-26995.46,
558.20,12415.20,36.62,116.62,-27068.48,
558.00,12478.90,36.65,117.27,-27138.02,
557.80,12542.50,36.67,117.92,-27207.16,
557.50,12596.50,36.69,118.47,-27265.65,
557.40,12661.10,36.71,119.13,-27335.35,
557.30,12716.30,36.73,119.70,-27394.68,
557.30,12769.80,36.76,120.25,-27451.99,
560.40,12825.80,36.78,120.82,-27511.77,
558.60,12885.10,36.80,121.43,-27574.83,
557.40,12945.80,36.82,122.05,-27639.14,
557556.93,13022.30,36.84,122.83,-27719.84,
556.80,13111.10,36.87,123.74,-27813.05,
556.80,13188.80,36.89,124.53,-27894.18,
556.70,13265.10,36.91,125.31,-27973.49,
556.70,13341.50,36.94,126.09,-28052.51,
556.60,13422.60,36.96,126.92,-28136.01,
556.50,13500.50,36.99,127.72,-28215.83,
556.50,13576.40,37.01,128.50,-28293.24,
556.60,13654.80,37.03,129.30,-28372.82,
556.60,13745.70,37.06,130.23,-28464.65,
556.60,13826.80,37.08,131.06,-28546.14,
556.60,13912.70,37.11,131.94,-28632.05,
556.00,13990.40,37.14,132.73,-28709.39,
557.36,14074.30,37.16,133.59,-28792.52,
557.00,14159.00,37.17,134.46,-28876.03,
557.00,14235.80,37.22,135.24,-28951.39,
556.90,14329.40,37.24,136.20,-29042.81,
557.00,14410.90,37.27,137.03,-29122.01,
557.00,14500.70,37.30,137.95,-29208.85,
557.10,14583.80,37.33,138.80,-29288.83,
557.40,14670.80,37.35,139.69,-29372.18,
557.40,14766.60,37.38,140.67,-29463.49,
557.56,14852.10,37.41,141.54,-29544.58,
557.80,14943.70,37.44,142.48,-29631.03,
558.36,15022.70,37.47,143.29,-29705.25,
559.50,15113.40,37.50,144.22,-29790.08,
561.30,15194.50,37.54,145.05,-29865.57,
563.30,15277.40,37.57,145.89,-29942.41,
567.20,15361.30,37.60,146.75,-30019.82,
572.20,15446.10,37.63,147.62,-30097.73,
575.40,15532.90,37.66,148.51,-30177.11,
598.60,15617.30,37.70,149.37,-30253.96,
657.00,15676.10,37.72,149.97,-30307.29,
811.80,15754.90,37.75,150.78,-30378.51,
1009.00,15832.20,37.78,151.57,-30448.10,
1264.00,15908.50,37.80,152.35,-30516.52,
1730.00,15991.20,37.83,153.19,-30590.39,
2135.00,16070.60,37.86,154.01,-30661.00,
2271.00,16153.50,37.88,154.85,-30734.44,
2383.00,16239.50,37.91,155.73,-30810.30,
2426.00,16323.70,37.94,156.60,-30884.25,
2433.00,16401.90,37.97,157.40,-30952.67,
2437.00,16487.40,37.99,158.27,-31027.16,
2441.00,16576.10,38.02,159.18,-31104.11,
2444.00,16649.90,38.05,159.93,-31167.89,
2446.00,16726.30,38.07,160.71,-31233.66,
2448.00,16799.30,38.10,161.46,-31296.29,
2449.00,16865.00,38.13,162.13,-31352.48,
2449.00,16946.10,38.16,162.96,-31421.56,
2450.00,17028.20,38.19,163.80,-31491.24,
2449.00,17111.10,38.21,164.65,-31561.32,
2449.00,17196.20,38.24,165.52,-31632.97,
2449.00,17273.80,38.26,166.31,-31698.06,
2448.00,17355.40,38.29,167.15,-31766.25,
2445.00,17434.80,38.32,167.96,-31832.36,
2444.00,17510.20,38.34,168.73,-31894.91,
2445.00,17585.10,38.37,169.50,-31956.82,
2444.00,17664.50,38.40,170.31,-32022.22,
2441.00,17743.70,38.43,171.12,-32087.23,
2442.00,17828.80,38.46,171.99,-32156.81,
2439.00,17905.90,38.49,172.78,-32219.62,
2438.00,17982.30,38.51,173.56,-32281.65,
2435.00,18056.50,38.54,174.32,-32341.68,
2433.00,18139.40,38.56,175.17,-32408.53,
2430.00,18205.60,38.59,175.84,-32461.72,
2429.00,18283.90,38.62,176.64,-32524.43,
2427.00,18369.40,38.65,177.52,-32592.67,
2425.00,18445.60,38.68,178.30,-32653.27,
2423.00,18525.90,38.70,179.12,-32716.91,
2421.00,18608.30,38.73,179.96,-32781.98,
2419.00,18694.70,38.76,180.85,-32849.96,
2415.00,18768.50,38.78,181.60,-32907.83,
2411.00,18846.20,38.81,182.40,-32968.56,
2408.00,18925.80,38.84,183.21,-33030.56,
2405.00,19006.10,38.87,184.03,-33092.89,
2403.00,19086.80,38.90,184.86,-33155.31,
2400.00,19172.20,38.92,185.73,-33221.14,
2392394.00,19254.00,38.95,186.57,-33283.98,
2390.00,19338.20,38.98,187.43,-33348.43,
2389.00,19405.70,39.00,188.12,-33399.94,
2385.00,19479.50,39.03,188.87,-33456.10,
2382.00,19550.40,39.05,189.60,-33509.87,
2380.00,19623.30,39.08,190.34,-33565.00,
2375.00,19703.10,39.11,191.16,-33625.16,
2374.00,19779.00,39.13,191.94,-33682.19,
2369.00,19864.10,39.16,192.81,-33745.93,
2366.00,19941.10,39.19,193.59,-33803.42,
2363.00,20023.70,39.21,194.44,-33864.88,
2359.00,20094.70,39.24,195.16,-33917.55,
2355.00,20179.30,39.27,196.03,-33980.12,
2352348.00,20254.30,39.29,196.80,-34035.40,
2345.00,20335.80,39.32,197.63,-34095.28,
2341.00,20407.10,39.35,198.36,-34147.52,
2340.00,20492.30,39.38,199.23,-34209.74,
2336.00,20565.30,39.41,199.98,-34262.89,
2331.00,20651.30,39.43,200.86,-34325.30,
2328.00,20714.40,39.46,201.50,-34370.96,
2326.00,20778.50,39.48,202.16,-34417.24,
2322.00,20861.50,39.50,203.01,-34476.98,
2316.00,20924.60,39.53,203.65,-34522.26,
2313.00,21010.50,39.56,204.53,-34583.75,
2310.00,21088.90,39.59,205.33,-34639.67,
2303.00,21171.40,39.62,206.18,-34698.35,
2299.00,21252.10,39.64,207.00,-34755.56,
2294.00,21323.50,39.67,207.73,-34806.03,
2291.00,21402.00,39.69,208.54,-34861.38,
2287.00,21474.20,39.72,209.27,-34912.13,
2281.00,21574.30,39.75,210.30,-34982.26,
2279.00,21643.90,39.77,211.01,-35030.87,
2276.00,21718.80,39.80,211.78,-35083.04,
2272.00,21789.50,39.83,212.50,-35132.16,
2270.00,21875.10,39.86,213.37,-35191.44,
2264.00,21945.90,39.88,214.10,-35240.35,
2257.00,22015.30,39.91,214.81,-35288.15,
2255.00,22091.00,39.93,215.58,-35340.16,
2242244.00,22165.80,39.96,216.35,-35391.40,
2241.00,22243.60,39.99,217.14,-35444.55,
2237.00,22322.70,40.01,217.95,-35498.44,
2234.00,22402.70,40.04,218.77,-35552.78,
2227.00,22478.00,40.07,219.54,-35603.80,
2222.00,22558.70,40.10,220.37,-35658.31,
2216.00,22626.90,40.12,221.06,-35704.25,
2214.00,22713.20,40.15,221.95,-35762.23,
2210.00,22772.80,40.17,222.56,-35802.17,
2205.00,22840.80,40.20,223.25,-35847.63,
2200.00,22913.80,40.22,224.00,-35896.31,
2196.00,22993.10,40.25,224.81,-35949.05,
2184.00,23059.70,40.27,225.49,-35993.24,
2179.00,23124.00,40.30,226.15,-36035.80,
2173.00,23197.00,40.32,226.89,-36084.00,
2167.00,23261.50,40.34,227.55,-36126.49,
2163.00,23330.60,40.37,228.26,-36171.90,
2156.00,23401.00,40.39,228.98,-36218.05,
2152.00,23469.50,40.42,229.68,-36262.85,
2146.00,23539.70,40.44,230.40,-36308.66,
2142.00,23611.40,40.47,231.13,-36355.32,
2137.00,23686.90,40.50,231.91,-36404.34,
2133.00,23754.60,40.52,232.60,-36448.19,
2126.00,23827.60,40.54,233.34,-36495.34,
2122.00,23895.70,40.57,234.04,-36539.24,
2112110.00,23941.40,40.59,234.51,-36568.64,
2108.00,24004.70,40.61,235.16,-36609.27,
2101.00,24062.90,40.64,235.75,-36646.58,
2096.00,24133.90,40.66,236.48,-36691.98,
2090.00,24194.20,40.68,237.09,-36730.45,
2084.00,24238.60,40.70,237.55,-36758.73,
2078.00,24263.70,40.72,237.80,-36774.69,
2073.00,24265.10,40.74,237.82,-36775.58,
2067.00,24273.30,40.75,237.90,-36780.80,
2061.00,24283.30,40.76,238.01,-36787.14,
2055.00,24296.60,40.78,238.14,-36795.61,
2050.00,24313.90,40.80,238.32,-36806.59,
2042.00,24331.20,40.81,238.49,-36817.56,
2037.00,24343.50,40.82,238.62,-36825.37,
2031.00,24354.50,40.83,238.73,-36832.34,
2028.00,24363.60,40.84,238.83,-36838.12,
2023.00,24388.70,40.85,239.08,-36854.00,
2020.00,24431.70,40.86,239.52,-36881.22,
2016.00,24467.10,40.87,239.88,-36903.60,
2014.00,24515.50,40.88,240.38,-36934.14,
2015.00,24563.90,40.90,240.87,-36964.64,
2017.00,24619.10,40.92,241.44,-36999.35,
2017.00,24689.80,40.94,242.16,-37043.73,
2015.00,24755.80,40.95,242.84,-37085.07,
2013.00,24810.30,40.97,243.40,-37119.14,
2012012.00,24865.10,40.99,243.96,-37153.33,
2012.00,24929.80,41.00,244.62,-37193.61,
2012.00,24976.30,41.02,245.09,-37222.51,
2012.00,25027.90,41.03,245.62,-37254.54,
2007.00,25090.60,41.05,246.26,-37293.39,
1999.00,25135.20,41.07,246.72,-37320.97,
1995.00,25199.60,41.08,247.38,-37360.73,
1993.00,25260.40,41.10,248.00,-37398.19,
1987.00,25313.70,41.12,248.54,-37430.96,
1983.00,25360.30,41.14,249.02,-37459.57,
1979.00,25424.10,41.15,249.67,-37498.67,
1974.00,25490.80,41.17,250.36,-37539.47,
1967.00,25544.10,41.19,250.90,-37572.01,
1964.00,25593.10,41.21,251.40,-37601.87,
1961.00,25655.20,41.23,252.04,-37639.65,
1956.00,25708.10,41.25,252.58,-37671.78,
1953.00,25751.50,41.26,253.02,-37698.09,
1949.00,25802.50,41.28,253.54,-37728.98,
1944.00,25849.90,41.30,254.03,-37757.63,
1939.00,25898.10,41.31,254.52,-37786.72,
1935.00,25965.40,41.33,255.21,-37827.28,
1933.00,26016.00,41.35,255.73,-37857.72,
1927.00,26064.90,41.37,256.23,-37887.07,
1921.00,26121.60,41.39,256.81,-37921.07,
1920.00,26184.10,41.39,257.45,-37958.47,
1911912.00,26237.00,41.42,257.99,-37990.07,
1908.00,26293.10,41.44,258.56,-38023.53,
1904.00,26363.10,41.46,259.28,-38065.19,
1901.00,26418.10,41.48,259.84,-38097.86,
1898.00,26472.10,41.50,260.39,-38129.89,
1895.00,26542.90,41.52,261.12,-38171.79,
1894.00,26598.10,41.54,261.68,-38204.40,
1889.00,26669.80,41.56,262.41,-38246.68,
1884.00,26719.60,41.58,262.92,-38276.00,
1881.00,26758.10,41.59,263.32,-38298.63,
1876.00,26799.50,41.61,263.74,-38322.92,
1873.00,26846.20,41.63,264.22,-38350.30,
1864.00,26884.80,41.65,264.61,-38372.91,
1862.00,26941.10,41.66,265.19,-38405.83,
1855.00,26993.20,41.68,265.72,-38436.24,
1853.00,27036.20,41.69,266.16,-38461.31,
1849.00,27065.70,41.71,266.46,-38478.48,
1846.00,27081.80,41.72,266.63,-38487.85,
1842.00,27093.50,41.73,266.75,-38494.66,
1838.00,27106.50,41.74,266.88,-38502.21,
1834.00,27119.40,41.75,267.01,-38509.71,
1830.00,27126.00,41.77,267.08,-38513.55,
1828.00,27135.70,41.77,267.18,-38519.18,
1823.00,27138.40,41.78,267.21,-38520.75,
1821820.00,27148.30,41.79,267.31,-38526.50,
1818.00,27175.20,41.80,267.58,-38542.11,
1813.00,27229.70,41.81,268.14,-38573.70,
1810.00,27274.50,41.82,268.60,-38599.63,
1807.00,27330.40,41.83,269.17,-38631.94,
1807.00,27368.30,41.84,269.56,-38653.81,
1807.00,27381.30,41.85,269.69,-38661.31,
1807.00,27408.10,41.87,269.97,-38676.76,
1806.00,27412.40,41.88,270.01,-38679.23,
1806.00,27413.80,41.89,270.02,-38680.03,
1805.00,27420.30,41.89,270.09,-38683.79,
1803.00,27450.20,41.90,270.40,-38701.01,
1803.00,27495.00,41.91,270.85,-38726.76,
1801.00,27553.20,41.93,271.45,-38760.17,
1799.00,27600.80,41.94,271.94,-38787.46,
1796.00,27641.10,41.95,272.35,-38810.53,
1792.00,27661.60,41.96,272.56,-38822.26,
1791.00,27687.60,41.97,272.82,-38837.12,
1788.00,27701.40,41.98,272.96,-38845.00,
1788.00,27682.90,41.98,272.78,-38834.44,
1786.00,27666.60,41.99,272.61,-38825.12,
1785.00,27668.00,42.00,272.62,-38825.92,
1786.00,27667.50,42.00,272.62,-38825.63,
1785.00,27666.50,42.01,272.61,-38825.07,
1781780.00,27667.00,42.01,272.61,-38825.35,
1776.00,27666.40,42.01,272.61,-38825.00,
1774.00,27642.00,42.02,272.36,-38811.06,
1773.00,27613.40,42.02,272.06,-38794.69,
1770.00,27587.40,42.02,271.80,-38779.79,
1770.00,27563.80,42.02,271.56,-38766.26,
1768.00,27536.50,42.02,271.28,-38750.59,
1767.00,27518.70,42.02,271.10,-38740.37,
1768.00,27492.10,42.02,270.82,-38725.09,
1768.00,27475.10,42.02,270.65,-38715.32,
1768.00,27450.70,42.02,270.40,-38701.28,
1768.00,27429.90,42.02,270.19,-38689.32,
1769.00,27407.80,42.02,269.96,-38676.58,
1769.00,27392.00,42.01,269.80,-38667.47,
1769.00,27371.30,42.01,269.59,-38655.55,
1770.00,27354.00,42.01,269.41,-38645.57,
1772.00,27338.70,42.00,269.26,-38636.73,
1775.00,27314.70,42.00,269.01,-38622.87,
1775.00,27302.40,41.99,268.88,-38615.76,
1774.00,27281.20,41.99,268.67,-38603.50,
1776.00,27263.60,41.99,268.49,-38593.33,
1778.00,27237.50,41.98,268.22,-38578.22,
1779.00,27213.70,41.98,267.98,-38564.43,
1782.00,27193.40,41.98,267.77,-38552.67,
1783.00,27171.70,41.97,267.55,-38540.08,
1781785.00,27151.30,41.96,267.34,-38528.24,
1786.00,27131.30,41.96,267.13,-38516.62,
1788.00,27104.60,41.95,266.86,-38501.10,
1788.00,27083.50,41.95,266.65,-38488.84,
1788.00,27049.50,41.94,266.30,-38469.05,
1790.00,27028.60,41.93,266.08,-38456.88,
1792.00,27014.20,41.92,265.94,-38448.48,
1792.00,26981.80,41.92,265.60,-38429.59,
1794.00,26961.40,41.91,265.40,-38417.69,
1794.00,26932.70,41.91,265.10,-38400.93,
1794.00,26911.50,41.90,264.89,-38388.53,
1797.00,26884.60,41.89,264.61,-38372.80,
1802.00,26858.30,41.88,264.34,-38357.39,
1802.00,26825.10,41.88,264.00,-38337.94,
1800.00,26801.40,41.87,263.76,-38324.05,
1803.00,26776.50,41.86,263.51,-38309.43,
1806.00,26746.00,41.85,263.19,-38291.51,
1806.00,26722.90,41.84,262.96,-38277.93,
1808.00,26694.20,41.83,262.66,-38261.05,
1809.00,26665.00,41.83,262.36,-38243.87,
1811.00,26637.60,41.82,262.08,-38227.70,
1813.00,26605.70,41.81,261.76,-38208.88,
1815.00,26579.60,41.80,261.49,-38193.48,
1811819.00,26551.80,41.80,261.21,-38177.06,
1820.00,26531.70,41.79,261.00,-38165.17,
1822.00,26506.10,41.78,260.74,-38150.02,
1823.00,26481.80,41.77,260.49,-38135.63,
1825.00,26452.80,41.76,260.19,-38118.44,
1827.00,26424.20,41.75,259.90,-38101.48,
1828.00,26389.40,41.74,259.55,-38080.82,
1830.00,26357.70,41.73,259.22,-38061.98,
1831.00,26323.50,41.72,258.87,-38041.62,
1833.00,26300.00,41.71,258.63,-38027.63,
1836.00,26267.10,41.70,258.30,-38008.02,
1837.00,26236.80,41.69,257.99,-37989.94,
1841.00,26205.50,41.68,257.66,-37971.26,
1844.00,26176.80,41.67,257.37,-37954.10,
1845.00,26147.40,41.66,257.07,-37936.52,
1848.00,26122.60,41.66,256.82,-37921.67,
1849.00,26083.20,41.65,256.41,-37898.05,
1850.00,26042.30,41.64,256.00,-37873.50,
1852.00,26005.00,41.62,255.61,-37851.10,
1854.00,25983.90,41.61,255.40,-37838.41,
1857.00,25950.50,41.60,255.06,-37818.30,
1858.00,25912.20,41.59,254.67,-37795.23,
1861.00,25886.00,41.58,254.40,-37779.42,
1862.00,25851.70,41.57,254.05,-37758.72,
1861867.00,25820.10,41.56,253.72,-37739.62,
1868.00,25808.00,41.55,253.60,-37732.30,
1870.00,25773.50,41.54,253.25,-37711.42,
1872.00,25732.30,41.53,252.83,-37686.46,
1875.00,25689.90,41.51,252.39,-37660.73,
1878.00,25652.70,41.50,252.01,-37638.13,
1880.00,25630.30,41.49,251.78,-37624.51,
1882.00,25603.10,41.48,251.50,-37607.96,
1884.00,25573.70,41.47,251.20,-37590.05,
1885.00,25543.00,41.46,250.89,-37571.34,
1889.00,25511.40,41.45,250.57,-37552.05,
1890.00,25483.70,41.44,250.28,-37535.12,
1895.00,25453.80,41.43,249.98,-37516.85,
1897.00,25419.10,41.42,249.62,-37495.62,
1899.00,25387.70,41.41,249.30,-37476.37,
1900.00,25356.70,41.40,248.98,-37457.37,
1902.00,25330.10,41.39,248.71,-37441.04,
1905.00,25316.50,41.38,248.57,-37432.68,
1908.00,25275.30,41.37,248.15,-37407.35,
1909.00,25233.30,41.36,247.72,-37381.50,
1912.00,25196.70,41.35,247.35,-37358.94,
1914.00,25164.10,41.34,247.01,-37338.81,
1918.00,25134.90,41.33,246.72,-37320.78,
1917.00,25103.50,41.31,246.39,-37301.37,
1921923.00,25077.10,41.31,246.12,-37285.03,
1925.00,25047.20,41.29,245.82,-37266.51,
1926.00,25017.90,41.28,245.52,-37248.35,
1928.00,24984.10,41.27,245.17,-37227.37,
1929.00,24949.20,41.26,244.82,-37205.68,
1933.00,24913.20,41.25,244.45,-37183.29,
1935.00,24878.50,41.24,244.09,-37161.69,
1937.00,24850.50,41.23,243.81,-37144.22,
1940.00,24812.90,41.22,243.42,-37120.76,
1943.00,24778.00,41.20,243.06,-37098.95,
1946.00,24743.50,41.19,242.71,-37077.37,
1947.00,24703.70,41.18,242.30,-37052.44,
1951.00,24657.60,41.17,241.83,-37023.53,
1954.00,24618.40,41.16,241.43,-36998.91,
1956.00,24582.00,41.14,241.06,-36976.03,
1958.00,24540.90,41.13,240.64,-36950.15,
1960.00,24507.50,41.12,240.30,-36929.08,
1963.00,24468.20,41.11,239.90,-36904.29,
1966.00,24427.20,41.09,239.48,-36878.37,
1968.00,24388.20,41.08,239.08,-36853.69,
1970.00,24347.00,41.07,238.66,-36827.59,
1973.00,24310.90,41.05,238.29,-36804.69,
1974.00,24281.10,41.04,237.98,-36785.76,
1977.00,24242.70,41.03,237.59,-36761.34,
1981982.00,24205.40,41.02,237.21,-36737.59,
1984.00,24165.30,41.01,236.80,-36712.03,
1986.00,24131.30,40.99,236.45,-36690.32,
1992.00,24099.10,40.99,236.12,-36669.75,
1994.00,24073.20,40.97,235.86,-36653.17,
1997.00,24048.10,40.96,235.60,-36637.10,
1998.00,24027.20,40.95,235.39,-36623.71,
2001.00,23990.80,40.94,235.01,-36600.37,
2006.00,23947.00,40.93,234.57,-36572.24,
2009.00,23910.60,40.92,234.19,-36548.83,
2012.00,23875.20,40.90,233.83,-36526.05,
2015.00,23845.40,40.89,233.53,-36506.83,
2020.00,23800.40,40.88,233.07,-36477.79,
2023.00,23768.00,40.87,232.73,-36456.85,
2025.00,23733.30,40.86,232.38,-36434.40,
2029.00,23685.60,40.84,231.89,-36403.50,
2032.00,23640.90,40.82,231.43,-36374.50,
2034.00,23604.70,40.81,231.06,-36350.96,
2037.00,23559.60,40.80,230.60,-36321.62,
2038.00,23521.60,40.79,230.21,-36296.86,
2040.00,23485.50,40.77,229.85,-36273.30,
2044.00,23445.10,40.76,229.43,-36246.91,
2047.00,23396.40,40.75,228.93,-36215.04,
2049.00,23357.40,40.73,228.54,-36189.48,
2052053.00,23315.50,40.72,228.11,-36161.99,
2057.00,23278.00,40.71,227.72,-36137.34,
2059.00,23233.20,40.69,227.26,-36107.87,
2062.00,23186.00,40.68,226.78,-36076.75,
2068.00,23138.40,40.66,226.30,-36045.32,
2072.00,23086.60,40.65,225.77,-36011.06,
2073.00,23045.10,40.63,225.34,-35983.57,
2076.00,23008.90,40.62,224.97,-35959.55,
2078.00,22963.80,40.60,224.51,-35929.59,
2081.00,22930.50,40.59,224.17,-35907.43,
2083.00,22885.90,40.58,223.71,-35877.73,
2088.00,22839.90,40.56,223.24,-35847.05,
2094.00,22795.50,40.55,222.79,-35817.35,
2098.00,22762.30,40.53,222.45,-35795.14,
2101.00,22735.70,40.52,222.18,-35777.32,
2105.00,22687.90,40.51,221.69,-35745.26,
2107.00,22641.10,40.50,221.21,-35713.80,
2113.00,22595.70,40.48,220.74,-35683.25,
2115.00,22550.30,40.46,220.28,-35652.64,
2117.00,22510.70,40.45,219.88,-35625.90,
2121.00,22466.40,40.43,219.42,-35595.94,
2123.00,22424.70,40.42,219.00,-35567.71,
2125.00,22389.80,40.41,218.64,-35544.03,
2130.00,22350.90,40.40,218.24,-35517.62,
2132136.00,22309.30,40.38,217.82,-35489.33,
2138.00,22266.90,40.37,217.38,-35460.45,
2143.00,22214.60,40.35,216.85,-35424.76,
2146.00,22165.00,40.34,216.34,-35390.85,
2147.00,22121.60,40.32,215.90,-35361.14,
2152.00,22081.60,40.31,215.49,-35333.71,
2155.00,22038.80,40.29,215.05,-35304.30,
2157.00,21989.90,40.27,214.55,-35270.66,
2162.00,21943.10,40.26,214.07,-35238.41,
2165.00,21896.10,40.24,213.59,-35205.96,
2167.00,21852.30,40.23,213.14,-35175.67,
2169.00,21802.10,40.21,212.63,-35140.89,
2175.00,21757.40,40.19,212.17,-35109.87,
2177.00,21712.70,40.18,211.71,-35078.79,
2181.00,21686.20,40.17,211.44,-35060.35,
2184.00,21645.00,40.15,211.02,-35031.64,
2187.00,21599.10,40.14,210.55,-34999.60,
2190.00,21557.50,40.12,210.13,-34970.51,
2192.00,21522.40,40.11,209.77,-34945.92,
2196.00,21477.90,40.09,209.31,-34914.73,
2198.00,21433.40,40.08,208.86,-34883.47,
2202.00,21391.10,40.06,208.42,-34853.70,
2206.00,21349.30,40.05,208.00,-34824.25,
2208.00,21303.00,40.03,207.52,-34791.56,
2212215.00,21260.20,40.02,207.09,-34761.30,
2217.00,21220.40,40.00,206.68,-34733.10,
2218.00,21186.90,39.99,206.34,-34709.34,
2221.00,21141.90,39.98,205.88,-34677.39,
2226.00,21098.30,39.96,205.43,-34646.37,
2227.00,21049.80,39.95,204.93,-34611.80,
2231.00,21003.60,39.93,204.46,-34578.81,
2233.00,20961.20,39.92,204.03,-34548.48,
2234.00,20925.70,39.90,203.66,-34523.04,
2237.00,20886.10,39.89,203.26,-34494.64,
2239.00,20847.40,39.87,202.86,-34466.84,
2240.00,20812.20,39.86,202.50,-34441.51,
2246.00,20768.50,39.84,202.06,-34410.02,
2249.00,20725.50,39.83,201.62,-34378.98,
2250.00,20685.20,39.81,201.20,-34349.85,
2253.00,20643.80,39.80,200.78,-34319.87,
2256.00,20599.80,39.79,200.33,-34287.95,
2258.00,20555.10,39.77,199.87,-34255.48,
2261.00,20513.30,39.75,199.45,-34225.04,
2263.00,20472.10,39.74,199.02,-34195.00,
2266.00,20429.80,39.73,198.59,-34164.11,
2270.00,20387.60,39.71,198.16,-34133.25,
2272.00,20347.40,39.70,197.75,-34103.79,
2273.00,20307.70,39.68,197.34,-34074.66,
2272278.00,20271.20,39.67,196.97,-34047.83,
2280.00,20239.60,39.65,196.65,-34024.57,
2283.00,20203.50,39.64,196.28,-33997.97,
2285.00,20166.40,39.63,195.90,-33970.59,
2287.00,20134.30,39.62,195.57,-33946.86,
2291.00,20084.30,39.60,195.06,-33909.84,
2292.00,20041.50,39.59,194.62,-33878.09,
2294.00,19990.40,39.57,194.10,-33840.13,
2296.00,19947.50,39.56,193.66,-33808.18,
2298.00,19910.90,39.54,193.28,-33780.89,
2300.00,19865.60,39.53,192.82,-33747.06,
2304.00,19826.10,39.51,192.42,-33717.50,
2306.00,19785.90,39.50,192.01,-33687.37,
2308.00,19751.10,39.48,191.65,-33661.25,
2309.00,19717.00,39.48,191.30,-33635.62,
2311.00,19687.00,39.46,190.99,-33613.04,
2317.00,19645.80,39.45,190.57,-33581.98,
2318.00,19606.30,39.43,190.17,-33552.16,
2318.00,19560.50,39.42,189.70,-33517.51,
2320.00,19517.40,39.40,189.26,-33484.85,
2321.00,19479.30,39.39,188.87,-33455.94,
2325.00,19443.00,39.38,188.50,-33428.34,
2326.00,19402.70,39.36,188.09,-33397.66,
2330.00,19365.60,39.35,187.71,-33369.37,
2332333.00,19333.30,39.34,187.38,-33344.70,
2334.00,19293.90,39.32,186.97,-33314.55,
2336.00,19254.50,39.31,186.57,-33284.36,
2337.00,19214.00,39.29,186.16,-33253.28,
2338.00,19167.80,39.28,185.68,-33217.76,
2340.00,19126.30,39.26,185.26,-33185.80,
2342.00,19091.30,39.25,184.90,-33158.79,
2345.00,19049.90,39.24,184.48,-33126.81,
2347.00,19015.80,39.23,184.13,-33100.41,
2349.00,18978.80,39.21,183.75,-33071.72,
2350.00,18954.40,39.20,183.50,-33052.78,
2351.00,18909.70,39.18,183.04,-33018.04,
2357.00,18869.20,39.17,182.63,-32986.50,
2359.00,18837.70,39.16,182.31,-32961.93,
2360.00,18793.80,39.15,181.86,-32927.63,
2362.00,18750.00,39.13,181.41,-32893.34,
2364.00,18721.30,39.12,181.12,-32870.84,
2366.00,18684.60,39.11,180.74,-32842.03,
2366.00,18640.00,39.09,180.29,-32806.95,
2368.00,18609.20,39.08,179.97,-32782.70,
2370.00,18574.30,39.07,179.61,-32755.17,
2371.00,18535.40,39.06,179.22,-32724.42,
2372.00,18502.90,39.04,178.88,-32698.71,
2375.00,18462.00,39.03,178.47,-32666.30,
2372378.00,18428.80,39.01,178.13,-32639.93,
2380.00,18393.50,39.00,177.77,-32611.87,
2381.00,18345.30,38.99,177.27,-32573.47,
2384.00,18298.70,38.97,176.80,-32536.27,
2385.00,18253.90,38.96,176.34,-32500.43,
2387.00,18220.30,38.95,175.99,-32473.51,
2388.00,18189.00,38.93,175.67,-32448.39,
2388.00,18152.50,38.92,175.30,-32419.07,
2391.00,18113.80,38.91,174.90,-32387.91,
2392.00,18081.90,38.90,174.58,-32362.19,
2394.00,18039.60,38.89,174.15,-32328.03,
2395.00,17999.20,38.87,173.73,-32295.33,
2398.00,17966.80,38.86,173.40,-32269.08,
2400.00,17925.70,38.84,172.98,-32235.72,
2402.00,17884.50,38.83,172.56,-32202.20,
2403.00,17850.70,38.82,172.21,-32174.67,
2406.00,17815.10,38.81,171.85,-32145.63,
2406.00,17777.60,38.79,171.47,-32114.98,
2407.00,17742.70,38.78,171.11,-32086.41,
2408.00,17710.30,38.77,170.78,-32059.84,
2408.00,17674.80,38.76,170.41,-32030.69,
2410.00,17636.60,38.75,170.02,-31999.27,
2412.00,17600.40,38.73,169.65,-31969.45,
2414.00,17568.30,38.72,169.33,-31942.95,
2412418.00,17538.20,38.71,169.02,-31918.07,
2419.00,17504.00,38.70,168.67,-31889.77,
2420.00,17467.70,38.69,168.30,-31859.67,
2422.00,17437.70,38.67,167.99,-31834.76,
2424.00,17397.60,38.66,167.58,-31801.42,
2423.00,17355.40,38.65,167.15,-31766.25,
2426.00,17321.20,38.64,166.80,-31737.71,
2427.00,17292.20,38.62,166.50,-31713.47,
2429.00,17254.10,38.61,166.11,-31681.56,
2429.00,17207.30,38.60,165.63,-31642.30,
2431.00,17174.90,38.58,165.30,-31615.07,
2432.00,17131.80,38.57,164.86,-31578.77,
2434.00,17091.10,38.56,164.44,-31544.44,
2436.00,17043.90,38.54,163.96,-31504.53,
2437.00,16997.90,38.53,163.49,-31465.56,
2437.00,16960.60,38.51,163.11,-31433.89,
2439.00,16921.30,38.50,162.71,-31400.45,
2440.00,16871.40,38.49,162.20,-31357.92,
2441.00,16836.50,38.47,161.84,-31328.11,
2442.00,16791.70,38.46,161.38,-31289.78,
2443.00,16754.50,38.44,161.00,-31257.88,
2445.00,16711.30,38.43,160.56,-31220.77,
2445.00,16668.00,38.41,160.12,-31183.50,
2446.00,16630.10,38.40,159.73,-31150.80,
2442448.00,16592.10,38.38,159.34,-31117.96,
2449.00,16561.30,38.37,159.03,-31091.30,
2450.00,16528.80,38.36,158.69,-31063.12,
2451.00,16490.90,38.35,158.31,-31030.21,
2452.00,16449.00,38.34,157.88,-30993.75,
2453.00,16403.10,38.33,157.41,-30953.71,
2454.00,16361.60,38.31,156.98,-30917.45,
2454.00,16319.10,38.29,156.55,-30880.23,
2455.00,16284.10,38.28,156.19,-30849.51,
2456.00,16235.90,38.26,155.70,-30807.14,
2457.00,16197.30,38.25,155.30,-30773.11,
2457.00,16160.90,38.24,154.93,-30740.99,
2458.00,16114.80,38.23,154.46,-30700.20,
2459.00,16079.70,38.21,154.10,-30669.09,
2459.00,16042.80,38.20,153.72,-30636.31,
2460.00,16007.00,38.18,153.36,-30604.45,
2459.00,15961.10,38.17,152.89,-30563.54,
2461.00,15923.30,38.16,152.50,-30529.77,
2461.00,15875.20,38.14,152.01,-30486.70,
2462.00,15828.90,38.13,151.53,-30445.14,
2461.00,15794.10,38.11,151.18,-30413.84,
2462.00,15752.80,38.10,150.76,-30376.62,
2462.00,15712.90,38.09,150.35,-30340.58,
2462.00,15677.90,38.07,149.99,-30308.92,
2462462.00,15648.00,38.06,149.68,-30281.82,
2463.00,15610.90,38.05,149.31,-30248.13,
2463.00,15562.60,38.04,148.81,-30204.19,
2462.00,15528.10,38.02,148.46,-30172.73,
2462.00,15492.10,38.01,148.09,-30139.84,
2461.00,15457.60,38.00,147.74,-30108.26,
2459.00,15408.50,37.99,147.23,-30063.23,
2459.00,15373.40,37.97,146.88,-30030.97,
2458.00,15337.60,37.96,146.51,-29997.99,
2458.00,15302.00,37.95,146.15,-29965.13,
2456.00,15259.40,37.93,145.71,-29925.75,
2455.00,15223.80,37.92,145.35,-29892.76,
2450.00,15193.50,37.91,145.04,-29864.65,
2445.00,15148.10,37.90,144.57,-29822.42,
2438.00,15111.30,37.89,144.20,-29788.12,
2427.00,15075.10,37.87,143.82,-29754.31,
2417.00,15037.70,37.86,143.44,-29719.31,
2404.00,15001.00,37.85,143.07,-29684.90,
2389.00,14960.60,37.83,142.65,-29646.94,
2346.00,14922.50,37.82,142.26,-29611.07,
2312.00,14922.30,37.80,142.26,-29610.87,
2303.00,14928.80,37.79,142.33,-29616.99,
2226.00,14929.40,37.78,142.33,-29617.57,
2174.00,14930.20,37.78,142.34,-29618.31,
2132028.00,14930.40,37.77,142.35,-29618.50,
1902.00,14931.50,37.76,142.36,-29619.55,
1799.00,14931.80,37.76,142.36,-29619.83,
1566.00,14931.80,37.75,142.36,-29619.83,
1395.00,14931.70,37.75,142.36,-29619.73,
1244.00,14932.30,37.74,142.36,-29620.30,
1180.00,14932.20,37.74,142.36,-29620.20,
1001.00,14932.60,37.74,142.37,-29620.59,
950.00,14933.10,37.74,142.37,-29621.05,
966.40,14939.60,37.74,142.44,-29627.17,
961.00,14920.80,37.73,142.25,-29609.46,
957.70,14883.60,37.72,141.87,-29574.35,
949.60,14842.60,37.71,141.45,-29535.58,
961.70,14788.30,37.70,140.89,-29484.11,
943.60,14733.70,37.69,140.33,-29432.19,
854.10,14683.00,37.67,139.81,-29383.83,
757.60,14641.90,37.66,139.39,-29344.54,
712.40,14598.20,37.65,138.95,-29302.66,
668.20,14552.90,37.64,138.48,-29259.13,
640.70,14511.00,37.62,138.06,-29218.79,
618.60,14465.00,37.61,137.58,-29174.38,
605.90,14419.80,37.60,137.12,-29130.63,
590.30,14383.00,37.59,136.75,-29094.93,
583.60,14346.50,37.58,136.37,-29059.45,
576.20,14307.10,37.57,135.97,-29021.08,
572.80,14266.80,37.56,135.56,-28981.72,
568.50,14235.60,37.54,135.24,-28951.20,
566.20,14198.60,37.53,134.86,-28914.92,
564.20,14163.10,37.52,134.50,-28880.05,
563.00,14118.70,37.51,134.04,-28836.34,
562.30,14080.30,37.50,133.65,-28798.45,
561.00,14036.10,37.48,133.20,-28754.72,
560.40,13998.60,37.48,132.81,-28717.54,
559.90,13958.10,37.46,132.40,-28677.29,
559.50,13914.70,37.45,131.96,-28634.05,
559.10,13869.00,37.44,131.49,-28588.41,
558.50,13831.10,37.42,131.10,-28550.46,
558.40,13793.00,37.41,130.71,-28512.22,
558.30,13748.40,37.40,130.26,-28467.36,
558.00,13707.00,37.39,129.83,-28425.61,
557.80,13665.10,37.37,129.40,-28383.25,
557.70,13624.70,37.36,128.99,-28342.31,
557.60,13582.00,37.34,128.55,-28298.93,
557.60,13544.60,37.33,128.17,-28260.85,
557.50,13499.70,37.32,127.71,-28215.01,
557.40,13463.10,37.31,127.34,-28177.55,
557.40,13432.90,37.29,127.03,-28146.58,
557.30,13395.90,37.28,126.65,-28108.57,
557.20,13360.90,37.27,126.29,-28072.53,
557.10,13315.50,37.26,125.83,-28025.66,
557.10,13279.40,37.24,125.46,-27988.31,
557.00,13242.10,37.23,125.08,-27949.62,
557.00,13208.10,37.22,124.73,-27914.28,
557.00,13183.80,37.21,124.48,-27888.97,
557.00,13140.50,37.20,124.04,-27843.80,
557.00,13100.20,37.18,123.63,-27801.64,
557.00,13054.50,37.17,123.16,-27753.71,
556.90,13015.60,37.15,122.76,-27712.79,
557.00,12977.30,37.14,122.37,-27672.42,
556.90,12944.70,37.13,122.04,-27637.98,
557.00,12909.40,37.12,121.67,-27600.60,
556.90,12863.60,37.11,121.21,-27551.99,
556.80,12811.70,37.09,120.68,-27496.73,
556.90,12768.50,37.07,120.23,-27450.60,
556.80,12724.60,37.06,119.78,-27403.58,
556.70,12695.70,37.05,119.49,-27372.57,
556.70,12655.20,37.04,119.07,-27329.00,
556.70,12613.80,37.03,118.65,-27284.34,
556.70,12571.90,37.01,118.22,-27239.04,
556.70,12528.60,36.99,117.78,-27192.07,
556.60,12493.20,36.98,117.42,-27153.59,
556.70,12451.00,36.97,116.99,-27107.60,
556.60,12409.70,36.95,116.56,-27062.46,
556.60,12365.60,36.94,116.11,-27014.13,
556.60,12340.10,36.93,115.85,-26986.12,
556.60,12295.70,36.91,115.40,-26937.24,
556.60,12251.00,36.90,114.94,-26887.88,
556.70,12203.90,36.88,114.46,-26835.72,
556.70,12169.80,36.87,114.11,-26797.84,
556.80,12132.60,36.86,113.73,-26756.43,
556.80,12090.70,36.84,113.30,-26709.67,
556.90,12053.80,36.83,112.92,-26668.37,
557.00,12015.60,36.82,112.53,-26625.52,
557.00,11966.20,36.80,112.03,-26569.94,
557.00,11945.50,36.79,111.82,-26546.59,
557.20,11954.40,36.78,111.91,-26556.64,
557.10,11959.30,36.77,111.96,-26562.16,
557.20,11959.70,36.76,111.96,-26562.60,
557.30,11959.30,36.76,111.96,-26562.16,
557.30,11959.90,36.76,111.96,-26562.84,
557.40,11959.80,36.75,111.96,-26562.73,
557.40,11959.80,36.75,111.96,-26562.73,
557.40,11960.40,36.74,111.97,-26563.40,
557.50,11960.20,36.73,111.97,-26563.17,
557.60,11960.50,36.73,111.97,-26563.51,
557.70,11960.70,36.73,111.97,-26563.74,
557.70,11960.90,36.73,111.97,-26563.97,
557.70,11960.50,36.72,111.97,-26563.51,
557.60,11960.60,36.72,111.97,-26563.62,
557.60,11960.70,36.72,111.97,-26563.74,
557.70,11961.10,36.72,111.98,-26564.19,
557.70,11963.20,36.71,112.00,-26566.56,
557.60,11963.00,36.71,111.99,-26566.33,
557.60,11928.90,36.71,111.65,-26527.84,
557.70,11873.30,36.70,111.08,-26464.90,
557.70,11819.30,36.69,110.53,-26403.54,
557557.62,11764.10,36.68,109.96,-26340.58,
557.70,11700.10,36.66,109.31,-26267.28,
557.70,11645.00,36.65,108.74,-26203.92,
557.80,11586.70,36.64,108.15,-26136.62,
557.80,11547.40,36.63,107.74,-26091.08,
557.80,11501.30,36.61,107.27,-26037.52,
557.60,11451.20,36.60,106.76,-25979.11,
557.60,11401.30,36.59,106.25,-25920.72,
557.60,11348.30,36.58,105.71,-25858.48,
557.60,11306.80,36.56,105.28,-25809.59,
557.70,11256.90,36.55,104.77,-25750.60,
557.80,11208.70,36.54,104.28,-25693.42,
558558.18,11166.10,36.52,103.84,-25642.72,
558.30,11108.60,36.50,103.26,-25574.03,
558.50,11066.40,36.49,102.82,-25523.44,
558.60,11017.80,36.47,102.33,-25464.98,
558.80,10964.10,36.46,101.78,-25400.14,
558.90,10918.00,36.45,101.31,-25344.27,
559.20,10864.80,36.43,100.76,-25279.57,
559.30,10807.90,36.41,100.18,-25210.07,
559.60,10751.80,36.40,99.61,-25141.27,
559.90,10698.40,36.38,99.06,-25075.50,
560.10,10648.60,36.36,98.55,-25013.92,
560.40,10599.40,36.35,98.05,-24952.87,
560560.68,10556.70,36.33,97.61,-24899.69,
560.90,10514.60,36.32,97.18,-24847.09,
561.20,10485.40,36.30,96.88,-24810.50,
561.40,10440.80,36.29,96.43,-24754.46,
561.60,10398.30,36.27,95.99,-24700.88,
561.90,10367.40,36.26,95.68,-24661.81,
562.10,10311.80,36.25,95.11,-24591.27,
562.50,10257.70,36.23,94.55,-24522.34,
562.50,10216.90,36.21,94.14,-24470.16,
562.90,10172.40,36.20,93.68,-24413.06,
563.10,10129.50,36.18,93.24,-24357.82,
563.50,10070.20,36.17,92.64,-24281.15,
563564.18,10021.40,36.15,92.14,-24217.78,
564.30,9968.00,36.13,91.59,-24148.15,
564.50,9920.90,36.12,91.11,-24086.48,
564.70,9871.40,36.10,90.60,-24021.41,
565.20,9820.40,36.09,90.08,-23954.09,
565.30,9766.00,36.07,89.52,-23881.99,
565.80,9710.80,36.05,88.96,-23808.47,
566.10,9659.20,36.04,88.43,-23739.46,
566.40,9598.50,36.02,87.81,-23657.87,
566.80,9543.20,36.00,87.25,-23583.19,
567.10,9484.20,35.99,86.64,-23503.12,
567.70,9428.40,35.97,86.07,-23427.03,
568568.68,9379.60,35.95,85.57,-23360.17,
568.90,9324.10,35.93,85.00,-23283.80,
569.40,9269.90,35.92,84.45,-23208.86,
569.70,9227.40,35.90,84.02,-23149.85,
570.50,9175.10,35.88,83.48,-23076.93,
571.00,9119.10,35.86,82.91,-22998.48,
571.40,9057.00,35.85,82.27,-22911.02,
572.00,9011.10,35.83,81.80,-22846.06,
573.00,8950.70,35.81,81.19,-22760.18,
574.00,8902.50,35.79,80.69,-22691.30,
574.90,8848.30,35.78,80.14,-22613.50,
575.20,8792.30,35.76,79.57,-22532.70,
575576.18,8739.20,35.74,79.02,-22455.69,
576.50,8676.40,35.73,78.38,-22364.14,
576.80,8625.10,35.71,77.86,-22288.94,
577.20,8579.50,35.70,77.39,-22221.81,
577.80,8525.70,35.68,76.84,-22142.22,
578.30,8468.10,35.67,76.25,-22056.56,
578.30,8418.00,35.65,75.74,-21981.67,
579.10,8365.10,35.64,75.20,-21902.19,
579.30,8318.00,35.62,74.71,-21831.09,
579.30,8275.70,35.61,74.28,-21766.97,
580.20,8228.60,35.59,73.80,-21695.24,
580.30,8182.50,35.58,73.33,-21624.72,
580580.68,8131.40,35.56,72.81,-21546.17,
581.50,8080.30,35.54,72.28,-21467.23,
581.60,8031.30,35.53,71.78,-21391.14,
582.20,7980.30,35.51,71.26,-21311.55,
582.30,7922.10,35.50,70.67,-21220.21,
582.90,7859.90,35.48,70.03,-21122.00,
583.50,7810.00,35.46,69.52,-21042.75,
583.80,7752.20,35.44,68.93,-20950.45,
584.20,7700.10,35.43,68.39,-20866.77,
584.40,7646.90,35.41,67.85,-20780.85,
584.80,7585.00,35.39,67.22,-20680.25,
5850.00,7515.10,35.37,66.50,-20565.87,
585.59,7466.40,35.35,66.00,-20485.66,
586.00,7409.30,35.34,65.42,-20391.08,
586.40,7343.30,35.32,64.75,-20281.02,
586.90,7286.50,35.30,64.16,-20185.66,
587.10,7226.50,35.28,63.55,-20084.27,
587.90,7166.90,35.26,62.94,-19982.87,
588.10,7114.50,35.24,62.41,-19893.16,
588.30,7058.50,35.23,61.83,-19796.69,
588.60,7002.90,35.21,61.26,-19700.31,
589.26,6947.80,35.19,60.70,-19604.16,
589.59,6889.30,35.17,60.10,-19501.41,
590.10,6831.20,35.16,59.51,-19398.67,
590.40,6775.70,35.14,58.94,-19299.85,
590.70,6716.50,35.12,58.33,-19193.73,
591.10,6662.80,35.10,57.79,-19096.80,
591.20,6608.90,35.08,57.23,-18998.89,
591.50,6548.20,35.06,56.61,-18887.83,
591.70,6487.30,35.05,55.99,-18775.57,
591.90,6437.60,35.03,55.48,-18683.33,
592.10,6403.00,35.02,55.13,-18618.76,
592.20,6402.90,35.00,55.13,-18618.57,
592.50,6401.80,34.99,55.12,-18616.52,
592.60,6401.90,34.98,55.12,-18616.71,
592.90,6403.40,34.97,55.13,-18619.50,
593.00,6371.30,34.96,54.80,-18559.36,
593.10,6310.30,34.95,54.18,-18444.38,
593.30,6256.70,34.93,53.63,-18342.61,
593.50,6199.80,34.92,53.05,-18233.78,
593.60,6141.50,34.91,52.45,-18121.45,
593.70,6086.90,34.89,51.90,-18015.46,
593.80,6033.20,34.88,51.35,-17910.46,
593.80,5980.70,34.86,50.81,-17807.07,
593.80,5933.00,34.85,50.32,-17712.50,
593.70,5885.80,34.83,49.84,-17618.31,
593.80,5838.20,34.82,49.35,-17522.70,
593594.00,5787.40,34.81,48.83,-17419.97,
594.10,5743.40,34.79,48.38,-17330.39,
594.10,5702.30,34.78,47.96,-17246.21,
594.30,5665.30,34.76,47.58,-17170.01,
594.40,5615.00,34.74,47.07,-17065.77,
594.50,5574.30,34.73,46.65,-16980.87,
594.50,5532.50,34.72,46.22,-16893.16,
594.60,5485.90,34.71,45.75,-16794.73,
594.60,5441.20,34.69,45.29,-16699.68,
594.60,5389.30,34.68,44.76,-16588.52,
594.70,5343.90,34.67,44.30,-16490.57,
594.80,5296.70,34.66,43.81,-16388.02,
594594.93,5247.60,34.65,43.31,-16280.56,
594.90,5202.50,34.64,42.85,-16181.12,
594.80,5156.20,34.62,42.38,-16078.32,
594.90,5103.40,34.61,41.84,-15960.16,
594.90,5057.80,34.60,41.37,-15857.32,
594.90,5007.80,34.59,40.86,-15743.68,
594.90,4961.30,34.58,40.38,-15637.19,
594.90,4913.10,34.56,39.89,-15525.92,
594.90,4864.50,34.55,39.39,-15412.85,
594.90,4804.70,34.54,38.78,-15272.45,
594.90,4763.00,34.53,38.35,-15173.71,
594.90,4703.90,34.52,37.75,-15032.56,
594594.81,4641.00,34.51,37.11,-14880.74,
594.80,4577.00,34.50,36.45,-14724.55,
594.80,4515.40,34.48,35.82,-14572.55,
594.80,4449.00,34.47,35.14,-14406.80,
594.70,4380.90,34.46,34.45,-14234.72,
594.60,4316.60,34.44,33.79,-14070.24,
594.60,4260.00,34.43,33.21,-13923.80,
594.50,4203.20,34.42,32.63,-13775.26,
594.50,4148.60,34.41,32.07,-13630.93,
594.50,4085.30,34.40,31.42,-13461.66,
594.40,4035.90,34.39,30.92,-13328.08,
594.40,3979.10,34.38,30.34,-13172.85,
594594.12,3932.30,34.37,29.86,-13043.59,
594.00,3882.90,34.36,29.35,-12905.79,
594.00,3832.20,34.35,28.83,-12762.88,
594.00,3776.80,34.35,28.27,-12604.96,
594.00,3720.60,34.33,27.69,-12442.83,
593.80,3662.60,34.32,27.10,-12273.42,
593.80,3612.70,34.32,26.59,-12125.92,
593.70,3560.10,34.31,26.05,-11968.64,
593.70,3495.80,34.30,25.39,-11773.80,
593.70,3442.20,34.29,24.85,-11609.15,
593.60,3388.20,34.28,24.29,-11441.17,
593.50,3333.80,34.28,23.74,-11269.73,
593593.50,3269.30,34.27,23.08,-11063.50,
593.40,3238.70,34.25,22.76,-10964.51,
593.30,3245.70,34.26,22.84,-10987.22,
593.20,3246.00,34.25,22.84,-10988.19,
593.20,3246.40,34.25,22.84,-10989.49,
593.10,3242.40,34.25,22.80,-10976.51,
593.10,3184.60,34.25,22.21,-10787.62,
593.00,3118.20,34.24,21.53,-10567.16,
593.00,3067.70,34.23,21.02,-10396.93,
592.90,3001.80,34.22,20.34,-10171.35,
592.90,2947.90,34.22,19.79,-9983.85,
592.80,2907.50,34.21,19.38,-9841.47,
592592.81,2863.60,34.21,18.93,-9684.94,
592.80,2815.10,34.20,18.43,-9509.72,
592.80,2786.60,34.20,18.14,-9405.62,
592.80,2776.00,34.20,18.03,-9366.68,
592.70,2718.60,34.19,17.44,-9153.70,
592.60,2657.00,34.19,16.81,-8921.06,
592.50,2599.40,34.18,16.23,-8699.53,
592.40,2604.00,34.18,16.27,-8717.37,
592.30,2604.90,34.18,16.28,-8720.86,
592.10,2580.10,34.18,16.03,-8624.42,
592.10,2529.40,34.17,15.51,-8424.90,
592.00,2482.80,34.17,15.03,-8238.64,
591591.68,2436.50,34.17,14.56,-8050.76,
591.70,2381.00,34.16,13.99,-7821.70,
591.50,2321.30,34.16,13.38,-7570.42,
591.50,2274.20,34.15,12.90,-7368.46,
591.40,2220.20,34.15,12.35,-7132.69,
591.20,2162.60,34.15,11.76,-6876.04,
591.30,2112.70,34.14,11.25,-6649.18,
591.30,2055.30,34.14,10.66,-6382.80,
591.20,2002.90,34.14,10.12,-6134.31,
591.10,1946.60,34.13,9.55,-5861.38,
591.10,1895.50,34.13,9.03,-5608.08,
591.10,1848.00,34.13,8.54,-5367.60,
591591.00,1795.00,34.13,8.00,-5093.31,
591.00,1740.70,34.12,7.44,-4805.40,
591.00,1689.90,34.12,6.92,-4529.39,
591.00,1622.60,34.12,6.23,-4153.18,
591.00,1570.80,34.12,5.71,-3854.92,
591.00,1515.10,34.11,5.14,-3525.18,
591.10,1464.00,34.11,4.61,-3213.92,
591.00,1413.30,34.11,4.09,-2896.28,
591.10,1363.70,34.11,3.59,-2576.47,
591.10,1318.00,34.11,3.12,-2273.37,
591.10,1262.30,34.11,2.55,-1892.20,
591.20,1202.40,34.10,1.94,-1466.79,
591591.18,1146.60,34.10,1.37,-1054.76,
591.30,1093.50,34.10,0.82,-647.31,
591.40,1031.10,34.09,0.19,-147.48,
591.50,973.90,34.09,-0.40,332.70,
591.50,956.80,34.09,-0.57,480.68,
591.60,956.50,34.09,-0.58,483.29,
591.60,956.80,34.09,-0.57,480.68,
591.70,956.60,34.09,-0.58,482.42,
591.70,956.30,34.09,-0.58,485.03,
591.80,956.50,34.09,-0.58,483.29,
591.90,956.40,34.09,-0.58,484.16,
592.00,956.60,34.09,-0.58,482.42,
592592.18,956.50,34.09,-0.58,483.29,
592.30,956.20,34.08,-0.58,485.91,
47.90,956.30,34.10,-0.58,485.03,
29.43,956.60,34.10,-0.58,482.42,
23.11,956.80,34.10,-0.57,480.68,
11.09,956.50,34.10,-0.58,483.29,
11.65,956.50,34.10,-0.58,483.29,
12.22,956.30,34.10,-0.58,485.03,
12.43,955.80,34.10,-0.59,489.40,
12.31,956.20,34.10,-0.58,485.91,
12.35,956.00,34.10,-0.58,487.65,
11.33,955.20,34.10,-0.59,494.63,
11.11,956.10,34.09,-0.58,486.78,
12.61,955.60,34.07,-0.59,491.14,
4.25,955.90,34.06,-0.58,488.52,
4.42,955.20,34.03,-0.59,494.63,
4.44,955.30,34.00,-0.59,493.76,
4.36,955.70,33.95,-0.59,490.27,
4.46,955.80,33.90,-0.59,489.40,
4.55,955.50,33.86,-0.59,492.01,
4.68,955.50,33.82,-0.59,492.01,
4.61,956.00,33.77,-0.58,487.65,
4.72,955.40,33.73,-0.59,492.88,
4.68,955.40,33.70,-0.59,492.88,
4.31,955.40,33.68,-0.59,492.88,
4.59,955.70,33.64,-0.59,490.27,
4.19,955.40,33.64,-0.59,492.88,
4.46,955.50,33.63,-0.59,492.01,
4.17,955.40,33.61,-0.59,492.88,
4.61,955.30,33.60,-0.59,493.76,
4.64,955.30,33.58,-0.59,493.76,
4.46,955.50,33.56,-0.59,492.01,
4.51,955.70,33.54,-0.59,490.27,
2.26,955.20,33.52,-0.59,494.63,
4.42,955.80,33.51,-0.59,489.40,
6.90,955.50,33.49,-0.59,492.01,
7.90,955.60,33.47,-0.59,491.14,
8.46,955.20,33.43,-0.59,494.63,
8.83,955.80,33.43,-0.59,489.40,
9.05,955.50,33.41,-0.59,492.01,
9.27,955.80,33.39,-0.59,489.40,
9.42,955.30,33.37,-0.59,493.76,
9.49,955.40,33.35,-0.59,492.88,
9.57,955.20,33.34,-0.59,494.63,
9.66,954.90,33.32,-0.59,497.25,
9.71,955.00,33.30,-0.59,496.38,
9.73,955.50,33.27,-0.59,492.01,
9.70,955.20,33.24,-0.59,494.63,
9.73,955.20,33.20,-0.59,494.63,
10.29,955.00,33.14,-0.59,496.38,
1010.25,955.40,33.13,-0.59,492.88,
9.88,955.80,33.10,-0.59,489.40,
9.86,955.10,33.06,-0.59,495.50,
9.81,955.70,33.02,-0.59,490.27,
9.74,954.80,32.98,-0.60,498.12,
99.62,955.10,32.93,-0.59,495.50,
9.66,955.40,32.89,-0.59,492.88,
9.53,955.40,32.86,-0.59,492.88,
9.53,955.00,32.82,-0.59,496.38,
9.53,955.10,32.78,-0.59,495.50,
9.40,955.50,32.73,-0.59,492.01,
9.38,955.00,32.67,-0.59,496.38,
9.42,955.20,32.62,-0.59,494.63,
9.31,954.70,32.57,-0.60,499.00,
9.33,955.20,32.52,-0.59,494.63,
9.18,955.10,32.48,-0.59,495.50,
9.18,955.20,32.44,-0.59,494.63,
9.14,955.20,32.39,-0.59,494.63,
9.07,954.40,32.34,-0.60,501.62,
9.03,954.80,32.29,-0.60,498.12,
9.03,955.00,32.25,-0.59,496.38,
8.94,955.20,32.20,-0.59,494.63,
8.83,954.70,32.15,-0.60,499.00,
8.83,955.00,32.08,-0.59,496.38,
8.74,954.60,32.05,-0.60,499.87,
8.77,955.20,32.00,-0.59,494.63,
8.63,955.00,31.94,-0.59,496.38,
8.34,955.30,31.89,-0.59,493.76,
8.54,954.80,31.84,-0.60,498.12,
6.81,954.60,31.81,-0.60,499.87,
6.40,955.10,31.77,-0.59,495.50,
6.50,954.90,31.72,-0.59,497.25,
6.74,954.50,31.67,-0.60,500.74,
6.85,954.30,31.62,-0.60,502.49,
6.79,954.90,31.57,-0.59,497.25,
7.24,954.60,31.52,-0.60,499.87,
6.94,954.50,31.50,-0.60,500.74,
7.13,954.70,31.47,-0.60,499.00,
6.51,954.70,31.44,-0.60,499.00,
6.68,954.90,31.40,-0.59,497.25,
6.83,954.80,31.36,-0.60,498.12,
6.73,954.60,31.32,-0.60,499.87,
6.18,954.50,31.28,-0.60,500.74,
6.68,954.40,31.23,-0.60,501.62,
5.55,954.70,31.19,-0.60,499.00,
6.38,954.80,31.14,-0.60,498.12,
6.60,954.20,31.11,-0.60,503.36,
4.83,954.30,31.05,-0.60,502.49,
5.32,954.50,31.04,-0.60,500.74,
5.90,954.80,31.01,-0.60,498.12,
6.08,954.40,30.98,-0.60,501.62,
3.99,954.80,30.96,-0.60,498.12,
4.74,954.30,30.94,-0.60,502.49,
4.89,954.20,30.92,-0.60,503.36,
3.93,954.80,30.90,-0.60,498.12,
4.30,955.00,30.87,-0.59,496.38,
5.11,954.50,30.86,-0.60,500.74,
5.22,954.40,30.84,-0.60,501.62,
5.80,954.60,30.82,-0.60,499.87,
5.54,954.30,30.79,-0.60,502.49,
5.15,954.80,30.79,-0.60,498.12,
4.59,954.70,30.78,-0.60,499.00,
4.65,954.70,30.77,-0.60,499.00,
4.08,954.70,30.75,-0.60,499.00,
7.22,954.70,30.74,-0.60,499.00,
7.51,954.70,30.73,-0.60,499.00,
7.57,954.40,30.72,-0.60,501.62,
7.63,954.50,30.71,-0.60,500.74,
7.66,954.40,30.69,-0.60,501.62,
7.68,954.60,30.68,-0.60,499.87,
4.21,954.50,30.67,-0.60,500.74,
4.06,954.70,30.66,-0.60,499.00,
4.91,954.30,30.65,-0.60,502.49,
5.52,954.60,30.64,-0.60,499.87,
5.97,954.30,30.63,-0.60,502.49,
5.71,954.40,30.61,-0.60,501.62,
6.44,954.30,30.60,-0.60,502.49,
6.44,954.60,30.59,-0.60,499.87,
5.45,954.60,30.56,-0.60,499.87,
5.69,954.50,30.54,-0.60,500.74,
5.95,954.60,30.50,-0.60,499.87,
5.39,955.00,30.47,-0.59,496.38,
5.22,954.80,30.43,-0.60,498.12,
5.82,955.00,30.39,-0.59,496.38,
5.97,954.30,30.36,-0.60,502.49,
6.16,954.70,30.33,-0.60,499.00,
5.69,954.90,30.31,-0.59,497.25,
6.32,954.60,30.28,-0.60,499.87,
5.48,954.90,30.26,-0.59,497.25,
6.12,953.90,30.24,-0.60,505.98,
5.33,954.40,30.22,-0.60,501.62,
6.07,954.30,30.21,-0.60,502.49,
5.58,954.60,30.18,-0.60,499.87,
5.07,954.30,30.14,-0.60,502.49,
5.73,954.50,30.10,-0.60,500.74,
5.67,954.20,30.06,-0.60,503.36,
5.73,954.30,30.01,-0.60,502.49,
6.53,954.00,29.96,-0.60,505.11,
6.34,954.30,29.90,-0.60,502.49,
6.44,954.00,29.83,-0.60,505.11,
6.40,954.00,29.77,-0.60,505.11,
6.73,954.40,29.70,-0.60,501.62,
6.81,953.70,29.64,-0.61,507.73,
6.85,954.40,29.59,-0.60,501.62,
6.70,954.50,29.54,-0.60,500.74,
6.96,954.10,29.49,-0.60,504.24,
7.12,954.00,29.45,-0.60,505.11,
6.79,954.40,29.42,-0.60,501.62,
7.27,954.40,29.41,-0.60,501.62,
7.16,954.00,29.38,-0.60,505.11,
7.46,953.90,29.36,-0.60,505.98,
7.27,954.00,29.34,-0.60,505.11,
7.31,954.10,29.32,-0.60,504.24,
7.55,954.30,29.30,-0.60,502.49,
7.26,953.50,29.28,-0.61,509.48,
7.22,953.90,29.27,-0.60,505.98,
7.11,953.20,29.25,-0.61,512.10,
5.95,953.50,29.23,-0.61,509.48,
6.10,953.10,29.21,-0.61,512.98,
6.14,953.50,29.19,-0.61,509.48,
5.99,953.20,29.18,-0.61,512.10,
6.49,953.70,29.16,-0.61,507.73,
6.77,953.80,29.15,-0.61,506.86,
6.96,953.40,29.14,-0.61,510.35,
6.84,953.30,29.13,-0.61,511.23,
6.14,953.50,29.12,-0.61,509.48,
6.03,953.20,29.11,-0.61,512.10,
6.25,953.60,29.10,-0.61,508.61,
6.36,953.60,29.09,-0.61,508.61,
6.21,953.30,29.09,-0.61,511.23,
6.72,953.30,29.08,-0.61,511.23,
6.64,953.30,29.06,-0.61,511.23,
6.76,953.50,29.05,-0.61,509.48,
6.55,953.50,29.03,-0.61,509.48,
6.27,953.70,29.01,-0.61,507.73,
6.27,952.80,28.97,-0.62,515.60,
6.01,953.30,28.94,-0.61,511.23,
6.05,953.00,28.90,-0.61,513.85,
4.29,953.30,28.86,-0.61,511.23,
4.61,953.60,28.81,-0.61,508.61,
4.79,953.60,28.77,-0.61,508.61,
5.78,953.30,28.73,-0.61,511.23,
6.08,953.50,28.70,-0.61,509.48,
6.03,953.50,28.66,-0.61,509.48,
6.36,953.40,28.61,-0.61,510.35,
6.06,953.00,28.55,-0.61,513.85,
6.01,953.40,28.49,-0.61,510.35,
5.67,953.50,28.46,-0.61,509.48,
5.37,953.50,28.43,-0.61,509.48,
6.40,953.30,28.41,-0.61,511.23,
5.75,953.10,28.39,-0.61,512.98,
6.12,953.50,28.37,-0.61,509.48,
5.84,953.20,28.35,-0.61,512.10,
5.78,953.10,28.34,-0.61,512.98,
6.49,952.80,28.32,-0.62,515.60,
6.18,953.20,28.29,-0.61,512.10,
6.16,953.20,28.26,-0.61,512.10,
6.25,952.90,28.23,-0.61,514.72,
6.16,953.10,28.21,-0.61,512.98,
6.01,953.30,28.19,-0.61,511.23,
5.92,953.00,28.16,-0.61,513.85,
5.47,953.00,28.13,-0.61,513.85,
5.82,952.60,28.10,-0.62,517.35,
2.37,953.20,28.07,-0.61,512.10,
1.67,952.90,28.06,-0.61,514.72,
1.61,952.90,28.04,-0.61,514.72,
2.05,953.10,28.02,-0.61,512.98,
2.24,953.10,28.00,-0.61,512.98,
1.71,953.30,27.98,-0.61,511.23,
1.76,953.10,27.96,-0.61,512.98,
2.22,952.80,27.94,-0.62,515.60,
2.24,953.20,27.93,-0.61,512.10,
2.41,952.80,27.92,-0.62,515.60,
2.31,952.90,27.91,-0.61,514.72,
2.24,953.70,27.89,-0.61,507.73,
2.27,953.10,27.89,-0.61,512.98,
2.31,952.20,27.89,-0.62,520.85,
2.24,952.60,27.89,-0.62,517.35,
2.29,952.60,27.88,-0.62,517.35,
2.33,953.00,27.87,-0.61,513.85,
2.32,952.90,27.86,-0.61,514.72,
2.29,953.30,27.85,-0.61,511.23,
2.24,954.00,27.83,-0.60,505.11,
1.99,955.10,27.80,-0.59,495.50,
2.03,953.60,27.81,-0.61,508.61,
2.27,953.00,27.81,-0.61,513.85,
